0,0.4016643029834152,0,0,0.001
1,0.35138670512295644,0,0,0.001
2,0.3469072569400892,0,0,0.001
3,0.344053196934385,0,0,0.001
4,0.340117671894371,0,0,0.001
5,0.34077905186819374,0,0,0.001
6,0.33900030340076587,0,0,0.001
7,0.33781768928427214,0,0,0.001
8,0.3344547313834549,0,0,0.001
9,0.33438676021514685,0,0,0.001
10,0.3360742415310046,0.23028169365617035,0.401054768803759,0.001
11,0.33330422311747837,0.22317262403144333,0.3898050681703483,0.001
12,0.3318508305680861,0.22508796295877045,0.3927065792747617,0.001
13,0.3325062061941952,0.22564797811404066,0.39154018033443605,0.001
14,0.3333350905311217,0.2261614845104517,0.3939712319557109,0.001
15,0.3332661599467654,0.22655483662075038,0.39306178286548177,0.001
16,0.331408611951618,0.22500580531835665,0.38880905104503566,0.001
17,0.3325577178679475,0.22528546478972608,0.3904704606342076,0.001
18,0.336741752854181,0.2263130037006788,0.3904011604316612,0.001
19,0.33453759058899835,0.22813714051670964,0.3952762621320503,0.001
20,0.3334989730918079,0.22381546986403444,0.38391883141829286,0.001
21,0.3307645335930203,0.22455571697280854,0.3889034501340384,0.001
22,0.3317709148203561,0.2261313085892681,0.39058383961566345,0.001
23,0.33387642825415376,0.22594812467994999,0.3965583836757252,0.001
24,0.3356164868818511,0.2245151254961302,0.3873327750013938,0.001
25,0.3337112085534892,0.2252334874224796,0.3936133823326611,0.001
26,0.3304208812363651,0.22340511261322266,0.3883811477494838,0.001
27,0.32943302666375396,0.22360231001505063,0.38810990234065956,0.001
28,0.3289315109952874,0.22345100611693477,0.38878935637857864,0.001
29,0.32978248459483506,0.22081253333930412,0.3846532880551227,0.001
30,0.3281562067226532,0.22365157510018985,0.38835141887666524,0.001
31,0.3265860042440782,0.2204729562801378,0.38251966272142285,0.001
32,0.32646600820055793,0.22509572721236384,0.39532983502565266,0.001
33,0.32539785031331786,0.22384938822906672,0.3964180054590585,0.001
34,0.3272917199572292,0.22278631086159256,0.38844451567385946,0.001
35,0.32597637887394754,0.22133926074771604,0.3822207945377417,0.001
36,0.32466861673998176,0.2208242553288575,0.38743734168768135,0.001
37,0.32416524854275064,0.2204120715557134,0.3875913273515265,0.001
38,0.3251854013138955,0.22126215869670252,0.38648410277977635,0.001
39,0.3241613866812592,0.22254321885494813,0.38898849022957827,0.001
40,0.32515591109564546,0.22371927031213257,0.3920577221731163,0.001
41,0.32537686318979353,0.22181240097436594,0.38614585454391764,0.001
42,0.3248829272908902,0.2222282488032179,0.3851052551204204,0.001
43,0.324608196222454,0.22117816782246338,0.38155842665014705,0.001
44,0.32458012940686776,0.22021437509146088,0.384991849240559,0.001
45,0.32486416235429433,0.22181579824822717,0.38613556330834786,0.001
46,0.3245752288387456,0.22287593786937623,0.39065194464812153,0.001
47,0.323779315303225,0.22184243747476926,0.38988492528920676,0.001
48,0.324044682153868,0.22264034522208598,0.3891977902621572,0.001
49,0.3249952084974411,0.222022983505172,0.3881364343143875,0.001
50,0.3237999997554569,0.2194022522446767,0.38222712659543073,0.001
51,0.32564291029895115,0.22199070290173148,0.39063379231421475,0.001
52,0.3255518830697471,0.22270485126888392,0.3903061422074297,0.001
53,0.3233940460539739,0.2205807714339423,0.386690698264196,0.001
54,0.32528687316343324,0.22165113281622584,0.3870791994854839,0.001
55,0.3233092085483971,0.22340396211650912,0.3901921306415424,0.001
56,0.32548402536899673,0.22247356713792982,0.386469538630245,0.001
57,0.3253404373696091,0.22126733839628976,0.38437165750226027,0.001
58,0.3245618406238906,0.22267102277493753,0.3879731924530327,0.001
59,0.32469347584138225,0.22087504942842856,0.38398616866643914,0.001
60,0.3255364788234781,0.21928228897394703,0.3828826567038526,0.001
61,0.323848775904113,0.2218638947470819,0.3854779654046646,0.001
62,0.3225340977174426,0.22036338434060787,0.386055956926673,0.001
63,0.322857945337208,0.22338314715504964,0.39169681037895443,0.001
64,0.3222663259014077,0.22259841700476346,0.39213267387223205,0.001
65,0.32328458663520465,0.22166891486448687,0.38895138419377107,0.001
66,0.32296420086961275,0.22169715079715965,0.3873247188502916,0.001
67,0.3207360459577053,0.22212536706866776,0.3839966450448352,0.001
68,0.3221679694882227,0.22180439222318005,0.3848719679234962,0.001
69,0.3219761770526203,0.22078186165900895,0.38636785298340903,0.001
70,0.32235399681493776,0.2198249885297195,0.3797399616755882,0.001
71,0.3205221209230773,0.22100606055070018,0.38685115897199107,0.001
72,0.32228548305297117,0.22241539548211575,0.3899820481956943,0.001
73,0.3252550124301823,0.22119417410405787,0.3809012584917496,0.001
74,0.3224811835573354,0.22228922051488356,0.38428348020321396,0.001
75,0.3217330508002447,0.22174860671286042,0.3878517613316404,0.001
76,0.3215894410643009,0.22285932320142832,0.3874075218951062,0.001
77,0.3202554316969093,0.22447787429805616,0.39361116384340855,0.001
78,0.32235769913830886,0.2215846265872143,0.38762624218973823,0.001
79,0.32369876564095873,0.22201844936731738,0.38585862023522316,0.001
80,0.32330292736718413,0.22200500210459556,0.3857937022705671,0.001
81,0.3208191807663769,0.22165392264753733,0.38601447872021494,0.001
82,0.32016096640070646,0.22299748652059218,0.3896060642496584,0.001
83,0.31968848379926945,0.22129058407175187,0.3857143389969959,0.001
84,0.3196430986900942,0.22195206226730652,0.38581156682299506,0.001
85,0.31952545238197394,0.22398294101470959,0.3898667067317402,0.001
86,0.31855924413838516,0.22183249707200525,0.3836881969389746,0.001
87,0.3189164670782352,0.22131286607120002,0.3866039715127898,0.001
88,0.318237616381514,0.22193623782522542,0.38923573950792206,0.001
89,0.3201486395859937,0.22094042524277205,0.3879739213054418,0.001
90,0.31812409919883133,0.2236821743173341,0.39249975656960073,0.001
91,0.3177461335691837,0.22320801567405546,0.3895744023882073,0.001
92,0.31870890866725815,0.22641292257323867,0.39747543935189295,0.001
93,0.320480201222481,0.22265292869468573,0.38692927217755857,0.001
94,0.31789072445773203,0.22270921573180621,0.3890194017670861,0.001
95,0.3180167788485868,0.2218223093402376,0.38901026897191054,0.001
96,0.3178222309285348,0.22284920903391595,0.38976108676052085,0.001
97,0.31798181662318903,0.220974032205016,0.386793167818657,0.001
98,0.31526075850386137,0.22125982781615822,0.38573354233497553,0.001
99,0.31579727207848785,0.22355746927193526,0.3887271509844133,0.001
100,0.3160008535199209,0.22170326722192174,0.38492768144254563,0.001
101,0.3152864018984891,0.22245157635435744,0.3889350273677576,0.001
102,0.3153243835912932,0.22082678367410982,0.3850242709426408,0.001
103,0.3147074306776764,0.22134425535691046,0.386712376491434,0.001
104,0.3146024904119859,0.22036124243053826,0.38416200739715817,0.001
105,0.31582755082791003,0.2217207696421191,0.38636745524879884,0.001
106,0.3150198109653018,0.22029704589892124,0.3856472526433338,0.001
107,0.31413646343104334,0.22059229915723358,0.38474892690893875,0.001
108,0.3129695951938629,0.22187041648310077,0.38751804822987185,0.001
109,0.31444541221364924,0.22226797234752457,0.39102360133283276,0.001
110,0.31412077209818257,0.22334436211865816,0.38754853332540684,0.001
111,0.31174971081248115,0.22103424279142903,0.38862242078413434,0.001
112,0.31417631378414435,0.22031328928497923,0.3847463467855676,0.001
113,0.31499376811018776,0.2221446334055518,0.3888695781202674,0.001
114,0.3135452001193248,0.2240304089927319,0.3948667227397352,0.001
115,0.3191971963425295,0.2254158848811457,0.39644086871049494,0.001
116,0.3184455184761537,0.22232687083705677,0.3935510223906395,0.001
117,0.316156760404963,0.221004850070018,0.38481128134543874,0.001
118,0.315239805830728,0.21899284393605437,0.3855592165215913,0.001
119,0.315392218598532,0.22368928441009445,0.396008604648587,0.001
120,0.31381434954087667,0.2197189209333375,0.38124708877465063,0.001
121,0.315618048157167,0.22030163393845398,0.3863278145494988,0.001
122,0.313156520281363,0.22114289048496635,0.38832101738640823,0.001
123,0.3118148327147195,0.22008213440269886,0.3848658212445844,0.001
124,0.31108694872178067,0.22057011143328858,0.38589600705263183,0.001
125,0.310542077646343,0.2203847897037169,0.3866144872163401,0.001
126,0.3105717863238186,0.22101174445119878,0.38739306549649755,0.001
127,0.3108645733616768,0.22060700765630337,0.3867462145282717,0.001
128,0.3099813772997725,0.22184230004646344,0.38899135569626875,0.001
129,0.3095634861276784,0.22031122513384802,0.3865959188223012,0.001
130,0.31102011318600503,0.22282720356895266,0.3936363793682724,0.001
131,0.3106652931609285,0.21950280231217942,0.38395712656811465,0.001
132,0.3100256882949707,0.21908509183428676,0.388991728970633,0.001
133,0.31046341592018756,0.21955505852098653,0.38192357911164393,0.001
134,0.30871847887104803,0.21918556062980402,0.38439374195834175,0.001
135,0.3084376588327075,0.22038989285033714,0.3850658741244391,0.001
136,0.3099960522093904,0.22102322561350737,0.39076811005270784,0.001
137,0.30968240463952407,0.2175614989255241,0.3823449564764963,0.001
138,0.30952541475449136,0.2188158941647935,0.3854182201134996,0.001
139,0.3075807441812043,0.21858368531594494,0.381280632030132,0.001
140,0.3084699038518678,0.21791233692613504,0.3810645594981364,0.001
141,0.3088990194261621,0.22107617992245318,0.391117271962678,0.001
142,0.30934172540629673,0.2195909652182526,0.3870409745703876,0.001
143,0.3076283759480223,0.2211249103952284,0.38986161978708544,0.001
144,0.3102762790721491,0.2188173118103884,0.38389707690025565,0.001
145,0.3092149609546049,0.22107609686772733,0.38937065011244076,0.001
146,0.30879548615818725,0.21988470954417855,0.3860801941203491,0.001
147,0.30725714865080805,0.21916050028198938,0.38540885317635554,0.001
148,0.3082609337951065,0.2205971692892063,0.3899869759521246,0.001
149,0.3071508031646046,0.2175588183132744,0.38203101653419264,0.001
150,0.3087680461483264,0.21843155013650123,0.3878986952740499,0.001
151,0.30829903155291843,0.2187759904588467,0.3821192591916453,0.001
152,0.30605316257804904,0.22030794814252533,0.38622627133837156,0.001
153,0.306933791538991,0.21714030208918736,0.3830990367585545,0.001
154,0.3065125071400896,0.21977991052484,0.39037449074124303,0.001
155,0.3100492121703034,0.21751658912743782,0.38206163399819687,0.001
156,0.30708910893956454,0.21749919844311216,0.381327092969586,0.001
157,0.3060238890418219,0.21830105302021277,0.3834285697537256,0.001
158,0.30553033688199627,0.21861048997030266,0.38411126339785284,0.001
159,0.3061056842497729,0.21899445322623445,0.38287738650397896,0.001
160,0.307063293019566,0.21978344506970643,0.3891127798177836,0.001
161,0.30586602545659475,0.21852866302821955,0.3835094801575158,0.001
162,0.30437192238798927,0.21788303648775273,0.3838316135743603,0.001
163,0.30439909650098296,0.2159917839028191,0.37703182454548,0.001
164,0.30515541628413245,0.21638535560477926,0.37706998819198595,0.001
165,0.3053761609923949,0.2179452812857462,0.3838244280821735,0.001
166,0.3040453682252027,0.21855348485586507,0.38402709262417306,0.001
167,0.30344346097303093,0.21760810059661445,0.37857187466369074,0.001
168,0.30617687776001223,0.2172490358785958,0.38036626210469976,0.001
169,0.30554785805011014,0.21828201822983712,0.38414262977009483,0.001
170,0.3037644183143563,0.21705164101205981,0.380656094783637,0.001
171,0.30416160589511243,0.21784304453615974,0.3824917284913442,0.001
172,0.30316907454521286,0.21783352024596153,0.3807768807365484,0.001
173,0.3047049781051251,0.21852685270785077,0.3834265739234965,0.001
174,0.305689293173475,0.21981464407410367,0.3837876194231828,0.001
175,0.3045955669442448,0.21674355375369825,0.37957675583607475,0.001
176,0.3025586677527209,0.22063980992102372,0.38644319392290166,0.001
177,0.3029028185463827,0.21746099494710214,0.3806090971344776,0.001
178,0.30384096516928544,0.21678823541345618,0.38053465666236724,0.001
179,0.30199648535579715,0.2187032640390993,0.3858739215740963,0.001
180,0.3038589192913213,0.21840720713193415,0.3818010726045832,0.001
181,0.3054544270858852,0.21851940987185167,0.383433146257878,0.001
182,0.30511471369397747,0.22071164649118014,0.39135139694268856,0.001
183,0.30489318715323,0.21820940601033773,0.3842312136125859,0.001
184,0.3057139190511966,0.21921949157888568,0.38640505575909573,0.001
185,0.30455685167684465,0.2194360844089708,0.38702964570129744,0.001
186,0.3041603408001978,0.21774500928605622,0.3800779826120553,0.001
187,0.3048344996817615,0.2194937025763468,0.38614892379355753,0.001
188,0.3031228842265015,0.21860546101714018,0.3855680094687837,0.001
189,0.3027700095548542,0.22075289260059336,0.38779541247539867,0.001
190,0.30485564019155065,0.21857084465683624,0.38254057206324465,0.001
191,0.30306751711652913,0.21994805806816872,0.3888680505739753,0.001
192,0.30293138516605445,0.21577823305693467,0.3775376896447555,0.001
193,0.3029141945576449,0.2162959682707025,0.37813675701128885,0.001
194,0.3035712408910104,0.22078393136809532,0.3906297492164547,0.001
195,0.3047042289458284,0.22138256885848537,0.3814939730369125,0.001
196,0.303331055635706,0.21955408163172074,0.3843443171606613,0.001
197,0.3034652321163667,0.2181508242193813,0.387355351887057,0.001
198,0.3026831824024883,0.21796082478892514,0.38432028791840095,0.001
199,0.30152855868186423,0.21780302746890154,0.38055523378528583,0.001
200,0.3004687905585,0.21848614503844993,0.38755111108926876,0.001
201,0.30127047685855024,0.21811523663263382,0.3823960960082032,0.001
202,0.302268497577501,0.21630545952777114,0.37743905964105595,0.001
203,0.3011564273353017,0.21938185009247002,0.38382003058612324,0.001
204,0.30039889768722955,0.21621253701962548,0.37986224104055794,0.001
205,0.3010926361477703,0.2186872913149698,0.38367796075862076,0.001
206,0.30007422927322736,0.2197839136682448,0.3885757973531429,0.001
207,0.29983284987440895,0.22138294438749195,0.39625613447258123,0.001
208,0.3018644211489126,0.21619724593150347,0.37934674741321234,0.001
209,0.2992946211624583,0.2167746148054543,0.3801450786397053,0.001
210,0.30043035909670207,0.2161282930486934,0.3795934111400091,0.001
211,0.2994829823664569,0.21947527764046365,0.38787133723613154,0.001
212,0.3016015728679272,0.21737870758611275,0.38195127628969266,0.001
213,0.3022097097624333,0.22038477051304162,0.39016550271443806,0.001
214,0.30077275169005085,0.22018567208082235,0.38655219790229556,0.001
215,0.2992959777149585,0.2187943036064246,0.38615601238856423,0.001
216,0.29925230883677073,0.21871632864185322,0.3853207575949798,0.001
217,0.2983289963881904,0.21868083249919779,0.3869332359958076,0.001
218,0.29819017320597935,0.2194743167434273,0.39097604605298597,0.001
219,0.29949764633944276,0.21994617439327885,0.3877640025308858,0.001
220,0.3012333132258249,0.21877582529319872,0.38265205950478054,0.001
221,0.29793291121994686,0.21670765874911135,0.37981426529616175,0.001
222,0.29920349249599176,0.2169984856204918,0.3815981405728843,0.001
223,0.29745617946353525,0.2188797874208207,0.3871919725449629,0.001
224,0.2978755090761622,0.21790846539091324,0.3830059421635689,0.001
225,0.298127681016922,0.21747047514069404,0.38351850795452946,0.001
226,0.2961579887965404,0.2173311479542642,0.3808390781870326,0.001
227,0.2959495975610313,0.21742993006769773,0.3823856633593787,0.001
228,0.29603853589351026,0.21653652401463022,0.3790955139461896,0.001
229,0.2968772850725629,0.21540141953351877,0.3786347264847419,0.001
230,0.29632464324662444,0.21875996556334584,0.38679620891148647,0.001
231,0.29591845085314655,0.21794282210033186,0.3820087882266968,0.001
232,0.2956603511210975,0.21986007542860275,0.3826713017746629,0.001
233,0.2955310053508216,0.21512268137186374,0.37593677519879004,0.001
234,0.29552310664172565,0.217447515647488,0.3782795163660462,0.001
235,0.2958740181879166,0.2176875040605233,0.3799386953538181,0.001
236,0.298121296484536,0.21941990084958085,0.383130561296567,0.001
237,0.2962480354199716,0.2184042561723572,0.3832938043376764,0.001
238,0.29621546722333364,0.2182016894188313,0.38200560697901764,0.001
239,0.2960269589216337,0.22001464986871597,0.38559662355212926,0.001
240,0.29748073903792493,0.21903092693979168,0.38272025891760886,0.001
241,0.2949542585042639,0.21970827566650825,0.38616215010134086,0.001
242,0.2957146130843994,0.21764291961254675,0.37988978201909396,0.001
243,0.2957113562920772,0.21700067377694285,0.3815208155220585,0.001
244,0.2932505908362362,0.21959166552059997,0.3877178668891078,0.001
245,0.29403882384847063,0.21593077124055943,0.37571084377197056,0.001
246,0.29466509190174417,0.2167737813219178,0.3779363133180511,0.001
247,0.2937844865912691,0.21812124971089047,0.38220222567180095,0.001
248,0.2942432333296592,0.21789094409464185,0.380673217270404,0.001
249,0.2934639306243407,0.21645996475561283,0.3779638543752374,0.001
250,0.2949035107542615,0.21537602324401955,0.3734674337759144,0.001
251,0.2936299111044735,0.21852766411686736,0.3834742868185616,0.001
252,0.29421543323118754,0.21959195511103607,0.3885634461086922,0.001
253,0.2945173035521026,0.21873092823646242,0.384949809706849,0.001
254,0.29402291391967633,0.2176193492161774,0.37996269431570967,0.001
255,0.2949670460246025,0.2172114289189594,0.3771139497819357,0.001
256,0.29466863414016337,0.22171802815453057,0.38548833442538954,0.001
257,0.2933264202481016,0.21997015586859425,0.3869363730420134,0.001
258,0.2971231573765431,0.22037183814767314,0.38481092427303804,0.001
259,0.29718128967722623,0.2159428933504492,0.37718661606038634,0.001
260,0.2940405231276783,0.21848701386219177,0.3844370139423864,0.001
261,0.29267722463935886,0.21690051371010344,0.38086704718054765,0.001
262,0.29375861188687313,0.22138309162086955,0.39036744508930477,0.001
263,0.29442972409615825,0.21639970687414758,0.3800088648782246,0.001
264,0.29272106727328867,0.21980723584424036,0.3847672982053045,0.001
265,0.29355972198718183,0.21824854895806667,0.38094378266866075,0.001
266,0.29409988251847957,0.21742946199349475,0.37898613087230865,0.001
267,0.29031298152350504,0.21785231163984897,0.38039331340641486,0.001
268,0.29120127555974035,0.21957052866964435,0.38668047671279954,0.001
269,0.29383045790392326,0.21811885108621373,0.3833666269729404,0.001
270,0.29334142708450284,0.21636154941478483,0.3786361767964311,0.001
271,0.2931982344443645,0.21742045674289948,0.3803681023646186,0.001
272,0.29206937619852363,0.22021884242898676,0.3863348087641353,0.001
273,0.29203721101677743,0.2164661223931366,0.378806083170329,0.001
274,0.29166298981653443,0.2157814030314042,0.3771003649860461,0.001
275,0.2933783397215222,0.21773866723977567,0.38187076967658645,0.001
276,0.29169710499977847,0.22105142353186435,0.388160347862044,0.001
277,0.29161251671270494,0.21771963611974773,0.38341745064500826,0.001
278,0.29036780439932414,0.2174346035738991,0.382182095597236,0.001
279,0.29040301228881976,0.21793483358849203,0.38280534643928477,0.001
280,0.29282667754440134,0.220410308740131,0.3877174788284855,0.001
281,0.29096613988417,0.21788385198658536,0.3816116184830046,0.001
282,0.29349398107156843,0.21781235361275572,0.3829775737837873,0.001
283,0.29163585808299003,0.22055558209962167,0.3887493911681057,0.001
284,0.2917460911317703,0.21991759255654902,0.38641342352272023,0.001
285,0.2917279058366741,0.22141536352034258,0.3891614552353244,0.001
286,0.2921215108501802,0.2167705447568537,0.3783189678327039,0.001
287,0.2907076618813593,0.2188330068989287,0.3832813731845122,0.001
288,0.29264103464030344,0.21731487074857353,0.3803920729337488,0.001
289,0.2926962493209664,0.21765394769664453,0.3808517929532093,0.001
290,0.29116304628892775,0.21693725258006757,0.3817818850753156,0.001
291,0.2919872727142562,0.21774197930913594,0.38141996026517994,0.001
292,0.2902245844176056,0.21800569232557895,0.3826313272834535,0.001
293,0.29045784733164204,0.21653044135706725,0.3795206761211888,0.001
294,0.28917097553200677,0.21581017861006074,0.3753422663254884,0.001
295,0.2889797228191971,0.2179002674595185,0.38055822768793013,0.001
296,0.29100987438215026,0.21771482838368644,0.3814164658319722,0.001
297,0.291816481483092,0.2187831202141842,0.38602806831377334,0.001
298,0.2905111509725588,0.21834946962582333,0.3843412553041505,0.001
299,0.2901496658904837,0.21802261268105946,0.38121195992894946,0.001
