0,0.4124143424175553,0,0,0.0018
1,0.37969829066325045,0,0,0.0018
2,0.374849955030417,0,0,0.0018
3,0.36818571199299926,0,0,0.0018
4,0.3638902379799697,0,0,0.0018
5,0.3629970175482459,0,0,0.0018
6,0.3622375674924608,0,0,0.0018
7,0.3626307213710526,0,0,0.0018
8,0.3609500574105877,0,0,0.0018
9,0.3613214669591289,0,0,0.0018
10,0.35923358722258425,0.14172266477063156,0.22452604993339983,0.0018
11,0.35951710265066666,0.14381051625053146,0.2262788540459927,0.0018
12,0.36051550633826496,0.1445659911411095,0.23196860602272218,0.0018
13,0.36037270068112065,0.14322917088803364,0.2244054928596841,0.0018
14,0.35980726462804663,0.14331170058678527,0.22586824334536826,0.0018
15,0.3584492475552074,0.14176265340671754,0.22133391798508856,0.0018
16,0.3599153251971229,0.14227422934434775,0.2205275370945486,0.0018
17,0.35856555995799727,0.1391537753803585,0.21848365224967725,0.0018
18,0.35887398065651877,0.13911476582511637,0.21969284620559568,0.0018
19,0.35798607905537394,0.142512074727192,0.21898614565881264,0.0018
20,0.3572042984730106,0.14007399797371548,0.21637957066457478,0.0018
21,0.3573177041391195,0.1421862452977558,0.21932973331890243,0.0018
22,0.3573657159330481,0.14161073414167882,0.21631456279548048,0.0018
23,0.359303182590816,0.14087678043952306,0.21521783734230263,0.0018
24,0.357624776661396,0.14244891781604893,0.22120466630175423,0.0018
25,0.3592482403678409,0.14022648857580358,0.2167782938986167,0.0018
26,0.3572971934484223,0.14271533438906267,0.22046089236341257,0.0018
27,0.35716200051671365,0.14111500630061932,0.21869706708487482,0.0018
28,0.35458465122570426,0.1401734787841657,0.21933940948804181,0.0018
29,0.356462925167407,0.1392491620217357,0.21927971839968505,0.0018
30,0.3558305268317966,0.14123681449200945,0.21385777694443622,0.0018
31,0.35510416909799736,0.14100555125899014,0.21671424899890074,0.0018
32,0.35554953715053655,0.13815833149297932,0.21586412085566664,0.0018
33,0.35564594816858486,0.1406030833469938,0.21662248898532988,0.0018
34,0.3558055798886186,0.14114751984036386,0.2171762781744967,0.0018
35,0.35550666840399725,0.13818399146681687,0.21478808437200894,0.0018
36,0.35559949746071284,0.1377591806820951,0.2127773373855419,0.0018
37,0.35561707199124964,0.13940992027991161,0.214960797949351,0.0018
38,0.354390832579742,0.13899125849469215,0.2115704077089725,0.0018
39,0.35448368714522505,0.1386240858274455,0.20813855029687,0.0018
40,0.3542759419750359,0.1404483693638502,0.21020901532740038,0.0018
41,0.35470408883135196,0.14119689340010824,0.21820377672575378,0.0018
42,0.35617592261504316,0.14096953843473592,0.21804964120725795,0.0018
43,0.35434360347561916,0.13827510361473777,0.2084995253171828,0.0018
44,0.3551872506485147,0.14075633738427157,0.21638263803807717,0.0018
45,0.35478009334055044,0.1364538632846775,0.2099249449378356,0.0018
46,0.35390871687460757,0.13920354491014036,0.21273273963383119,0.0018
47,0.35243251263085057,0.1394890002678672,0.2144877476078102,0.0018
48,0.3523122320993472,0.1401355065588809,0.21606056196131046,0.0018
49,0.35419874777228144,0.13715805602753708,0.20856471351065875,0.0018
50,0.35313306458420674,0.13864091300486006,0.20766298935659283,0.0018
51,0.3525207696829812,0.13753557658782906,0.21121988220772456,0.0018
52,0.3510073502942667,0.13738611555931413,0.21340133875417874,0.0018
53,0.3525548130273819,0.13696482202957325,0.20857243492632072,0.0018
54,0.3517964099675922,0.13655773508681102,0.2062058735430819,0.0018
55,0.3531575483285775,0.13973091875095622,0.21601906504535856,0.0018
56,0.3513997024146177,0.13676662136517678,0.2092647885306766,0.0018
57,0.35083665862932045,0.1371805556771318,0.20788136775982158,0.0018
58,0.3519030792985932,0.13841445532370414,0.2099802868623688,0.0018
59,0.3515585047208657,0.13742483139030312,0.208106794615556,0.0018
60,0.3511200948791989,0.13827029248583161,0.21344837739159167,0.0018
61,0.3511870389772674,0.13853237941463267,0.20880216540002972,0.0018
62,0.3498048078963312,0.13776699102067486,0.20987058736134448,0.0018
63,0.35183139120118095,0.13860045093980905,0.21263946266463732,0.0018
64,0.3516854960787094,0.13809374314085565,0.2118211636337798,0.0018
65,0.34980224211842326,0.1379280876194462,0.21114253606109362,0.0018
66,0.35055032359846566,0.13712160943328874,0.20878301476479638,0.0018
67,0.3504790532386909,0.1367893608276111,0.20962122848574144,0.0018
68,0.3515221792257438,0.13740015111698084,0.2122158518774054,0.0018
69,0.35104138214709396,0.1385081260949189,0.21057928077139698,0.0018
70,0.3504572976696289,0.13982885162219885,0.20944851026086378,0.0018
71,0.351317188497317,0.13812623065440058,0.20745614427773312,0.0018
72,0.3510412064901853,0.13584522015677866,0.20348074735149743,0.0018
73,0.3496335056626191,0.13662764269840535,0.20626553674622503,0.0018
74,0.3496572187138816,0.13800352827715115,0.20896677460477558,0.0018
75,0.3496143060215449,0.13734671685042013,0.2100439395100793,0.0018
76,0.3502063397633827,0.13546642865040393,0.2047164787357473,0.0018
77,0.3496330670886121,0.13703813721430705,0.20574569594567282,0.0018
78,0.34874456830449024,0.13349124211008964,0.20272467231590405,0.0018
79,0.3484801075468629,0.13290440769815198,0.20240730233369572,0.0018
80,0.3484645077990273,0.13760859061225267,0.2153705088870814,0.0018
81,0.34706454143180687,0.1335783982756642,0.2064642384131894,0.0018
82,0.3470889141751548,0.13330916529604583,0.20545881751509265,0.0018
83,0.3476634707491277,0.13237121948040076,0.20439152583443818,0.0018
84,0.34803185384657426,0.13435491534865673,0.2076616833990865,0.0018
85,0.3487773173946445,0.13366787077300737,0.2068381642562322,0.0018
86,0.34759751707315445,0.13497070824540147,0.20986260940171686,0.0018
87,0.3480358343508284,0.1355527761447752,0.2121304785072694,0.0018
88,0.34704929994324507,0.1331114479753571,0.20325694062667657,0.0018
89,0.34707543216014314,0.13418835634631668,0.21027741961551824,0.0018
90,0.3480446634151168,0.13126913509898278,0.20360157584129276,0.0018
91,0.3468807609909672,0.13470106008593158,0.21021790234499324,0.0018
92,0.34631003957178635,0.1339609778334304,0.2083417935356322,0.0018
93,0.3469189613804979,0.13382299993600252,0.2060426400088765,0.0018
94,0.34589547322968306,0.13353378813012665,0.20557580156343164,0.0018
95,0.34608683533082574,0.1324790020288669,0.209003831265206,0.0018
96,0.345997905832226,0.1330359391537959,0.20547671889275412,0.0018
97,0.347198556414095,0.13319929879259368,0.20634859006658465,0.0018
98,0.346132997739113,0.13397148993940206,0.20842285585173664,0.0018
99,0.34631969135696605,0.13290697189848863,0.20810224096016564,0.0018
100,0.34712337803537563,0.1333976209125885,0.21238018687755028,0.0018
101,0.34551169963206274,0.13195758942711303,0.20137748187364804,0.0018
102,0.34526493261426183,0.134418753898362,0.21139562318976277,0.0018
103,0.345453950308137,0.13195841792780177,0.20284441700039518,0.0018
104,0.3457341053980892,0.13078684359332665,0.20130174842187368,0.0018
105,0.3459634809928425,0.13285200704352013,0.20419913923886027,0.0018
106,0.34609018139919995,0.1331545746275148,0.2042084863624785,0.0018
107,0.3457795342398902,0.13428293927386192,0.20480875648478508,0.0018
108,0.34520658913810376,0.13551691637936175,0.20663800976963623,0.0018
109,0.34598288748223904,0.13607249704355204,0.21357845168872894,0.0018
110,0.34567817174277066,0.1324305065435249,0.20118662338777857,0.0018
111,0.3454189901634798,0.13091210273485568,0.19667608411474932,0.0018
112,0.34480656607676363,0.13459387428104305,0.21157754074662627,0.0018
113,0.34595840348530627,0.1331330224555215,0.20445729218134398,0.0018
114,0.3444152336757062,0.13502772049474218,0.20831424666256637,0.0018
115,0.34514587751384507,0.1341400554378006,0.20552823496597344,0.0018
116,0.34401422612747906,0.13178767180567566,0.2005023193150987,0.0018
117,0.3453014953914335,0.13456982607256934,0.20508946391758268,0.0018
118,0.3448163968021587,0.13237159314226712,0.19997072396748247,0.0018
119,0.3444320085947796,0.13260090069228436,0.20252907148469845,0.0018
120,0.34553824024180235,0.13600886670344395,0.21026434795686239,0.0018
121,0.3441079650389946,0.13391692477249956,0.20637514422604428,0.0018
122,0.34463706107462866,0.13349309864566444,0.20743127903271408,0.0018
123,0.3448771586862661,0.13379538551850578,0.20834044760931963,0.0018
124,0.34398558016045616,0.13218827016899737,0.20097635121616028,0.0018
125,0.3433355739561178,0.12986822347026222,0.19648615792452317,0.0018
126,0.3451311055381419,0.13250004359160997,0.1983070856140831,0.0018
127,0.3452420258673571,0.1334720397321216,0.2052390485692095,0.0018
128,0.34402796461925667,0.13261148406046933,0.20420876056707946,0.0018
129,0.34327502371901175,0.13556509521260804,0.21042212528426196,0.0018
130,0.3440309511655468,0.13454307113933237,0.20845182858872754,0.0018
131,0.3431778096799123,0.13294639477456802,0.20266074453408545,0.0018
132,0.34388693662013037,0.1351623596025582,0.20830753469163882,0.0018
133,0.34453815764794915,0.1359731172395433,0.2092365947206539,0.0018
134,0.34258116870108296,0.13170544698526274,0.2031798045486552,0.0018
135,0.3429108919986224,0.13208765597951966,0.2003615724171873,0.0018
136,0.3434307471675388,0.1324989108322539,0.19979033637934165,0.0018
137,0.34322735566203877,0.13468589610660875,0.20816657586610363,0.0018
138,0.3449298615677882,0.13292011698832457,0.20382159017705614,0.0018
139,0.34310088193012495,0.13433853743302182,0.20270790121890286,0.0018
140,0.34367238086158947,0.1311286834732456,0.2034102256461558,0.0018
141,0.34304770877805807,0.1337963051108933,0.20482206330874278,0.0018
142,0.3426547553074562,0.13261983165417035,0.20411246548826065,0.0018
143,0.34299094394101937,0.1314999050735516,0.20288810755315487,0.0018
144,0.3427183735421148,0.13407387143177005,0.20926689944135052,0.0018
145,0.3427973071397361,0.13068603234833737,0.19722320409031624,0.0018
146,0.3432249049261465,0.1340006194535211,0.2009535308868095,0.0018
147,0.34243325788085743,0.13210713287192682,0.20177205764691186,0.0018
148,0.3429589559466152,0.13248222989729452,0.19939258355073503,0.0018
149,0.343249956808858,0.1326970997228934,0.20196489691245817,0.0018
150,0.343113017157983,0.1290698927239371,0.19572544185986993,0.0018
151,0.34245329969010113,0.13299405308382137,0.20493355304048397,0.0018
152,0.3429517578017914,0.12907219852129154,0.19648490494892282,0.0018
153,0.342386739991479,0.12962096032117432,0.19823794608583178,0.0018
154,0.3418757154022233,0.12844651442933816,0.198592948093379,0.0018
155,0.3422404594593129,0.13105638764799796,0.19965313926912898,0.0018
156,0.3420772197640548,0.13210651258083525,0.20305086146168533,0.0018
157,0.3422188662876517,0.12885857919261856,0.19876468382922877,0.0018
158,0.34194938093423843,0.13390014840814146,0.2049970597555763,0.0018
159,0.34167695348545657,0.13132020222071844,0.19955100130854164,0.0018
160,0.3422836105702287,0.13237422240810287,0.2024347581150636,0.0018
161,0.3417006902775522,0.13432641108300064,0.20633091362964673,0.0018
162,0.34080503704184195,0.13255892600929675,0.2048843607350695,0.0018
163,0.3422310220993171,0.13515418241849775,0.2061507370396226,0.0018
164,0.3425777610075676,0.13553279174147492,0.20545615726570968,0.0018
165,0.34272762463759565,0.12945162271218624,0.19284154841580103,0.0018
166,0.34099293462300706,0.1312289407319853,0.199728900606117,0.0018
167,0.3408569424586781,0.13200795817915817,0.2038111629661622,0.0018
168,0.3428169978877245,0.13049187132192894,0.19673248381838734,0.0018
169,0.34068978274777784,0.13103766985308052,0.19923774532485503,0.0018
170,0.340371175337646,0.1303568690866607,0.1965682817377609,0.0018
171,0.34177934340501237,0.13111243444926607,0.20094141290246076,0.0018
172,0.34105589000855463,0.13006455396631264,0.19798548916299133,0.0018
173,0.3414710385061927,0.12979977208650528,0.19781333050140107,0.0018
174,0.3419623978562274,0.1317364726939275,0.19728990830990806,0.0018
175,0.34111328258857887,0.13053147762074868,0.19933295102132692,0.0018
176,0.34172933687598017,0.13060094898366323,0.19868362151312433,0.0018
177,0.34131741144899597,0.13397384716948435,0.2049891626630683,0.0018
178,0.3407361336936385,0.1324648134123594,0.20000922787050174,0.0018
179,0.34041774613877473,0.13062677440976997,0.1942688186851336,0.0018
180,0.3410101405392259,0.13041651184118003,0.1964960543868505,0.0018
181,0.34156112057172644,0.13271705314262267,0.20258394679665645,0.0018
182,0.3418225505847042,0.13226169317655828,0.19928904110488646,0.0018
183,0.34104237958031186,0.128888047047333,0.19518389334999195,0.0018
184,0.34063882380723953,0.1334026489264917,0.2034294673730871,0.0018
185,0.33989022318589485,0.13134704142926856,0.202393164530371,0.0018
186,0.3406913404242467,0.13274930146299938,0.2032034065934955,0.0018
187,0.34075180150694767,0.1322371876505765,0.19984654832254103,0.0018
188,0.3411537723268493,0.1301894084624043,0.19589934520632807,0.0018
189,0.3408324967248965,0.13380619940445904,0.20548289174955092,0.0018
190,0.3411368089964834,0.13388705413136198,0.20711146258776084,0.0018
191,0.3405142777552039,0.13119180196476063,0.2012967086342585,0.0018
192,0.34081778991020334,0.1342258080476085,0.20408102119183252,0.0018
193,0.34048247274200794,0.13236785218590358,0.20272598106193174,0.0018
194,0.34078445310814903,0.12985912173644287,0.19943139883864017,0.0018
195,0.3412405667921244,0.1289327092452699,0.19590005720878345,0.0018
196,0.34086471593986123,0.12994351788551203,0.19982237277180648,0.0018
197,0.33962712399030137,0.13097814607547387,0.20126594566655076,0.0018
198,0.34018727821313727,0.12901532879637745,0.19945178385933143,0.0018
199,0.3396699015619391,0.13096507162817983,0.20248055307194737,0.0018
200,0.34129169532808207,0.1309434531513446,0.19834224700949188,0.0018
201,0.34060135205923503,0.13259661566441394,0.2025143397263228,0.0018
202,0.3409554583288856,0.13137660781173882,0.20208635374906792,0.0018
203,0.3397363502595384,0.1304243816682161,0.19999266591260298,0.0018
204,0.34016353220252665,0.1316094809511077,0.20256279493258958,0.0018
205,0.3407771203477504,0.13163841031135803,0.20299344952479154,0.0018
206,0.33986750863871334,0.1312238581869971,0.20321964136488732,0.0018
207,0.3402370857232708,0.13108824557537999,0.1992573551366066,0.0018
208,0.33991658460285706,0.13318970565933813,0.2017786255442355,0.0018
209,0.3396390072875104,0.13004446669755662,0.19886708576983872,0.0018
210,0.3406646962640649,0.1314416020486427,0.20365604774715987,0.0018
211,0.3407934929354716,0.13259113714938828,0.20346100554973454,0.0018
212,0.3390468660805185,0.12993791171817382,0.19802737647193447,0.0018
213,0.3418273056967784,0.12758446039219193,0.19213633229189173,0.0018
214,0.3410550931752738,0.13135895585166404,0.20039549199108117,0.0018
215,0.3393900586386858,0.13028561802742744,0.20062489899631175,0.0018
216,0.3389962883824009,0.13020313604337516,0.20047088245472755,0.0018
217,0.34032480772268975,0.13010992754703984,0.2002435268717151,0.0018
218,0.33936596194566304,0.1304238468917805,0.19953146213933132,0.0018
219,0.3390251251600556,0.1352128832724584,0.2084193460328442,0.0018
220,0.3395066441873373,0.13154025869610408,0.20315560111270697,0.0018
221,0.3400518747709565,0.12970747884485756,0.20097353852760927,0.0018
222,0.33965374819808086,0.13019557481270633,0.20066106611842646,0.0018
223,0.3389833477341523,0.12979467281038876,0.19760696225969493,0.0018
224,0.3389093909980887,0.13043371577881802,0.20076607160848498,0.0018
225,0.33963019729165705,0.13101333969411064,0.19907382953242214,0.0018
226,0.33986165450286054,0.13147080716267498,0.20177100265632847,0.0018
227,0.3395964707863533,0.1306909048247141,0.20103548738876525,0.0018
228,0.3393511423620127,0.13353711328696724,0.20590878633578144,0.0018
229,0.33982755698389927,0.1307634912758578,0.19608402525835797,0.0018
230,0.3391781415222055,0.12962880040398223,0.19720707621224343,0.0018
231,0.33996155251890925,0.13094157678628432,0.20148082726398678,0.0018
232,0.339886484320386,0.1304636514854547,0.19898705725406762,0.0018
233,0.3399096620032343,0.13146172773702675,0.20344205475853241,0.0018
234,0.3397429601873382,0.12985389852604232,0.2001762612298216,0.0018
235,0.3394803332827859,0.13037105584415393,0.19975271922611673,0.0018
236,0.33986110757973237,0.1295237716753073,0.19764988318055765,0.0018
237,0.33929231687117434,0.13087017080919605,0.20195083532871747,0.0018
238,0.33984541160575416,0.13230612237804115,0.20420052699299332,0.0018
239,0.34019795994637375,0.13176007349963584,0.19936672559210977,0.0018
240,0.338790699839592,0.12989960672933643,0.19909304709216827,0.0018
241,0.339525505900383,0.13308900223717593,0.1997096467955931,0.0018
242,0.33974167414135853,0.130506870468654,0.20241032137282777,0.0018
243,0.3386076756958234,0.1296286981581979,0.19951640598297013,0.0018
244,0.3396751082549661,0.12970118112421444,0.1974415248641034,0.0018
245,0.33927786211341115,0.13013147352231894,0.19725338146853716,0.0018
246,0.3388940013818822,0.12967635646745126,0.19931453097869142,0.0018
247,0.33911476612596186,0.13230791508745968,0.2057800310092502,0.0018
248,0.33924975612406005,0.13041486971191657,0.20203461087611085,0.0018
249,0.33797904268159706,0.13367235719408935,0.20486101616370195,0.0018
250,0.3407003249404794,0.13113657746746707,0.20162981424253415,0.0018
251,0.33900531305600023,0.130463525072485,0.19682608797408813,0.0018
252,0.3392275137416387,0.1307230385058781,0.19885868116644215,0.0018
253,0.34015987131555203,0.13068475024816903,0.19960107478670772,0.0018
254,0.3396713717256562,0.129488605322213,0.19665708777769822,0.0018
255,0.33964497166669977,0.1304558646943889,0.19640974500304267,0.0018
256,0.3383626079155227,0.13042202939550515,0.1948190023161744,0.0018
257,0.33919082960839997,0.13148080742005358,0.20169648035233398,0.0018
258,0.339154354217699,0.13102537867046157,0.20023666525014092,0.0018
259,0.3385237279837414,0.12991803080000072,0.1996380338488903,0.0018
260,0.3382426744042817,0.13221163178153753,0.2033090506549468,0.0018
261,0.3398145398093482,0.13201408734917502,0.2045524653450666,0.0018
262,0.33865776127677855,0.13122777079234402,0.2015396520517059,0.0018
263,0.33900695167860745,0.13182403908198223,0.20407093882808083,0.0018
264,0.3389392577238002,0.12880081714085945,0.1991102987443515,0.0018
265,0.3386289324548285,0.12906026117105351,0.20099135717913688,0.0018
266,0.3387357557224015,0.12925972534547567,0.19893782126181841,0.0018
267,0.34000470072536143,0.12991388333918555,0.19887581941875648,0.0018
268,0.34015030300213117,0.12689083242737473,0.19820194813401326,0.0018
269,0.33835462607064487,0.13174424647189345,0.2061190445647929,0.0018
270,0.33900574872554357,0.12919105149967888,0.1948685859440872,0.0018
271,0.33868243722087243,0.12858821407331553,0.19577119312991897,0.0018
272,0.3406064815945544,0.1294741397125807,0.1958921024868339,0.0018
273,0.33878255357681697,0.13204387805269938,0.1998886615017148,0.0018
274,0.33848315111156235,0.1305514508699634,0.20177342402238113,0.0018
275,0.3393744545972953,0.13144282528002607,0.20136080930440178,0.0018
276,0.33787080569792605,0.12996132166508476,0.19905501909679543,0.0018
277,0.33798216295949485,0.1305440098555501,0.19919078848406882,0.0018
278,0.3380707542775041,0.1310402303353886,0.19913804546144856,0.0018
279,0.33985431328163307,0.1271228814037548,0.19351992781008567,0.0018
280,0.337932680623006,0.12573945256481134,0.1931022286881493,0.0018
281,0.3390858648187023,0.13106599627303903,0.20426999649627292,0.0018
282,0.3380753324698594,0.12805934992273418,0.19762910218983243,0.0018
283,0.3391582145024154,0.13077972356870898,0.20309744278159425,0.0018
284,0.339813554312213,0.1288670717894319,0.19737284544187747,0.0018
285,0.338048177250361,0.13159748411241334,0.20480704247365222,0.0018
286,0.3376194655390109,0.13104067278078263,0.20127592950254752,0.0018
287,0.337936081623627,0.13102771793007267,0.2039373788792363,0.0018
288,0.33871803925199023,0.12882073152128923,0.19746295929833538,0.0018
289,0.337204686287096,0.13088865746667377,0.20200650536926473,0.0018
290,0.3390732269923566,0.1301640924062049,0.20227242434375226,0.0018
291,0.3389226151472431,0.1293061932659309,0.19779871864944418,0.0018
292,0.33927848227953505,0.1297350777705688,0.19902009937323836,0.0018
293,0.3382455955369998,0.12887846011079165,0.1953324174339926,0.0018
294,0.33772528133655,0.1322525084067686,0.20607493573382835,0.0018
295,0.33920914225154003,0.12956131880599783,0.19728336272075536,0.0018
296,0.33863185030423987,0.12838467246094867,0.20022592665436115,0.0018
297,0.33761798438884444,0.1306375480170809,0.20220492539557117,0.0018
298,0.33912336422225176,0.12889875311045917,0.1955752548876281,0.0018
299,0.33824524851673743,0.12957356041490317,0.202848722477384,0.0018
