0,0.41791501350827137,0,0,0.0018
1,0.3798450972821753,0,0,0.0018
2,0.3724946975708008,0,0,0.0018
3,0.37021623539217446,0,0,0.0018
4,0.3686941344354112,0,0,0.0018
5,0.3669204997309184,0,0,0.0018
6,0.3661936998872434,0,0,0.0018
7,0.36642257326235206,0,0,0.0018
8,0.3657919242978096,0,0,0.0018
9,0.36485655959379876,0,0,0.0018
10,0.364163231799158,0.14446199540469198,0.22049471712757998,0.0018
11,0.36517422368465846,0.1458241503041098,0.22728745943548923,0.0018
12,0.3645555508338799,0.14547032350023922,0.22098654072446264,0.0018
13,0.371999791996964,0.14380461326058297,0.22555202316346978,0.0018
14,0.3752300479149414,0.1479458253091365,0.23228757940471587,0.0018
15,0.3757403090091075,0.1451394406503716,0.22902248207683937,0.0018
16,0.3728344076770847,0.1461257685514888,0.225940862018777,0.0018
17,0.3716453740657386,0.14610754215600752,0.22224396215740297,0.0018
18,0.37143513295104946,0.14598593845618604,0.22101896750991865,0.0018
19,0.37145671804072494,0.14653882912674138,0.22145220148438402,0.0018
20,0.37169921132972683,0.14960307455522184,0.22588732054953897,0.0018
21,0.3693851565910598,0.14805659157549073,0.2223375811852177,0.0018
22,0.3704708266561314,0.14707539331438968,0.22381832321075415,0.0018
23,0.36967812566939046,0.14490488634243984,0.21723142304352008,0.0018
24,0.36576383358846276,0.14592165560207254,0.22053813068721737,0.0018
25,0.3676514158309516,0.14442781494882717,0.22010501568966362,0.0018
26,0.36469768050868634,0.14487354274233655,0.22269093982417335,0.0018
27,0.362443973957482,0.14491961469275427,0.21932600320682208,0.0018
28,0.36169261396941493,0.14611397496502024,0.2215432718036704,0.0018
29,0.3610907536694559,0.145471349676111,0.2205860765235813,0.0018
30,0.36180963291455126,0.14155523574961756,0.21066537729807386,0.0018
31,0.35946770858461574,0.1453508142898179,0.21875864135466067,0.0018
32,0.35999142593246397,0.1439946813572612,0.21637666874334008,0.0018
33,0.3603855639190997,0.14416658068790025,0.21547550322305445,0.0018
34,0.3628404241497234,0.14183286775566484,0.2140110080525024,0.0018
35,0.35985155353101633,0.1413256394327185,0.21348733024655087,0.0018
36,0.35734755659507494,0.14100398101161146,0.2141193039977726,0.0018
37,0.35760538052704377,0.13910329942515767,0.21775180295820298,0.0018
38,0.3568503345220776,0.1374099536991764,0.20666698808366984,0.0018
39,0.3570685110102266,0.13893218026083662,0.2099988500491011,0.0018
40,0.3568861771185519,0.13756709679428708,0.21192673705268986,0.0018
41,0.356240624088352,0.13779323224630452,0.211131478644371,0.0018
42,0.3566386921931121,0.13689026192495632,0.21008488708732218,0.0018
43,0.3566884140847093,0.13907963293427877,0.21125839540581506,0.0018
44,0.35574534232333554,0.13780443466623823,0.21025361679713958,0.0018
45,0.3560094659106206,0.13784375033916194,0.2087894032672455,0.0018
46,0.35569043912119785,0.1368784162860885,0.2088093532786037,0.0018
47,0.35495435345475956,0.1375570661730089,0.21151494680752767,0.0018
48,0.3552433980976121,0.1381526491060564,0.20717947648288748,0.0018
49,0.35638276588613704,0.14152832341983987,0.21982579732727536,0.0018
50,0.36378809026742387,0.13797263269948465,0.21312385206355866,0.0018
51,0.357213174008717,0.14003324838112552,0.20771228948483345,0.0018
52,0.35578430090415275,0.1406224964132447,0.21085669403095442,0.0018
53,0.3554503120860811,0.1369332032953594,0.21009480492831328,0.0018
54,0.3554884335499699,0.1379500376204912,0.21045172172053167,0.0018
55,0.35416271183955467,0.1359503598066378,0.20933916490205293,0.0018
56,0.3551208753201921,0.13898259672758112,0.21030785539671906,0.0018
57,0.35357206011727704,0.13747800911289587,0.19943195375439196,0.0018
58,0.3527294982035281,0.13726453912503514,0.21133075939427237,0.0018
59,0.3530075182601557,0.1382749945525678,0.21253262139801296,0.0018
60,0.3544375689352973,0.13860422721744353,0.20439815507923187,0.0018
61,0.35405233338222664,0.1361570313793479,0.20540943651973245,0.0018
62,0.3533931978173175,0.13664768535081911,0.2088499429956046,0.0018
63,0.35384545955112423,0.13594494821612552,0.20531542059237662,0.0018
64,0.3525561484492431,0.13878914150692026,0.20963866139181345,0.0018
65,0.35246861864954737,0.13896914242170652,0.21175033519108794,0.0018
66,0.35293625812914414,0.1388904584037884,0.2145233942059366,0.0018
67,0.35260158095319394,0.13768185002655864,0.20961392534828435,0.0018
68,0.35252806089692196,0.13730107061426805,0.2109081403911396,0.0018
69,0.3515209463440766,0.13764899504786157,0.20496670298248085,0.0018
70,0.3516812707155438,0.13757784623441266,0.20770969337144188,0.0018
71,0.352255325069872,0.13673757922472798,0.21202543025988327,0.0018
72,0.35261346147222034,0.14048638868416288,0.21087194724282546,0.0018
73,0.3519887587023994,0.13576420245629223,0.20697026301988106,0.0018
74,0.3518946669616942,0.13481840478408225,0.2097399572189483,0.0018
75,0.351511491304737,0.13613651839632623,0.2114296050406338,0.0018
76,0.3524118481298624,0.13727569692862662,0.21079910548770747,0.0018
77,0.35161478691181897,0.13706336465749333,0.2100870323897596,0.0018
78,0.35069539978847664,0.13649963097642795,0.20322470067215204,0.0018
79,0.3505785336433831,0.13911624560046773,0.20839600796802651,0.0018
80,0.34956700291674014,0.13623070969153392,0.20893627840561182,0.0018
81,0.35180998719849826,0.13633238475848292,0.20551846677562896,0.0018
82,0.3502144212439909,0.13717003427608884,0.20379587629203477,0.0018
83,0.34940782201997306,0.13557327301633995,0.20254150550146863,0.0018
84,0.3497360586109808,0.1344611462398868,0.19867546044059367,0.0018
85,0.3488743353193089,0.1369887772873339,0.2085254771560274,0.0018
86,0.3496551853367838,0.13640630226383713,0.2057413728080487,0.0018
87,0.3498483994754694,0.13434347063719773,0.2031839826831683,0.0018
88,0.3502210760015552,0.13618215099970707,0.20570603015875114,0.0018
89,0.34924828248508905,0.1357525272270649,0.20781973121305858,0.0018
90,0.3490217126021951,0.1349014079117989,0.20531056391766447,0.0018
91,0.3479715617278875,0.1358564145209839,0.2022767344682767,0.0018
92,0.3478586369399297,0.13634649157836295,0.20491569163162876,0.0018
93,0.34893337005780917,0.13422773894375375,0.20083973040036318,0.0018
94,0.3471167990464275,0.13544996336109877,0.20198705543273812,0.0018
95,0.34653245821847756,0.13762349866727897,0.20792096290420203,0.0018
96,0.34822606206950496,0.13538958505660373,0.19936549213615895,0.0018
97,0.34731316806401236,0.13250475867144598,0.19788244400345298,0.0018
98,0.3481209675891925,0.1338283371659444,0.20042576417902855,0.0018
99,0.3486702082268262,0.13418111858412915,0.20399734138367268,0.0018
100,0.3485357748754954,0.13452936090916123,0.20308037424231407,0.0018
101,0.34773609143192485,0.133884178236301,0.1974634259109106,0.0018
102,0.3463815767633713,0.133815719416487,0.20082165706388416,0.0018
103,0.3474830487522028,0.1354654384154745,0.1988527564880469,0.0018
104,0.3473583302002842,0.1306340437751999,0.19624453161866756,0.0018
105,0.34659345599554353,0.13260339301073626,0.2001650987787942,0.0018
106,0.34578612497297384,0.13188829529022467,0.1964183624635702,0.0018
107,0.34762998026306346,0.13489732799516854,0.20219122446059376,0.0018
108,0.34483001267505903,0.13179245628871075,0.1994494944832901,0.0018
109,0.34716166997865094,0.13237806684959355,0.199532435333288,0.0018
110,0.34535858679120823,0.13195263515410882,0.2008973384632597,0.0018
111,0.3453967231562582,0.13384465869148007,0.20099502594374719,0.0018
112,0.3446362047629841,0.13248200557624043,0.20030572019324414,0.0018
113,0.34427216005022243,0.13412855371657095,0.1984209697561704,0.0018
114,0.3448652496277276,0.1332511473199902,0.1990453419981489,0.0018
115,0.3441685097197355,0.13196863507017745,0.1951968925070923,0.0018
116,0.34579357782662923,0.132676239104205,0.1976495169547516,0.0018
117,0.3455286801366483,0.134756723930262,0.20664033632596243,0.0018
118,0.34569167711977233,0.13839456944815967,0.206934657320068,0.0018
119,0.34502737110449094,0.13428985604625376,0.1983991179732407,0.0018
120,0.3441931919778808,0.13284804920215953,0.19467089465136436,0.0018
121,0.34412040245735037,0.13284309554882676,0.20028141265249827,0.0018
122,0.34279388467134053,0.12807007767436007,0.18914551578457175,0.0018
123,0.343467867475445,0.1340563130420797,0.20011429656704455,0.0018
124,0.3440864968855502,0.1315661182041389,0.1997779971722979,0.0018
125,0.3439312841174966,0.12909497392466823,0.1937861721120659,0.0018
126,0.3425633913632167,0.13046284405359423,0.1943146740599803,0.0018
127,0.3439084888767388,0.13026582200423892,0.1962141069915522,0.0018
128,0.343643620105113,0.129779093031543,0.19963635608853522,0.0018
129,0.34340672801106664,0.12821451874470025,0.1948152229402166,0.0018
130,0.3432012210458012,0.1294168758766434,0.19558856914764278,0.0018
131,0.34278942101587684,0.12998209552977433,0.19567324259891597,0.0018
132,0.34272435256990336,0.13282447380297943,0.2028997598544355,0.0018
133,0.3429155241129762,0.13014977118001353,0.19836275937265888,0.0018
134,0.342510447916338,0.1306338504377168,0.19973399523465235,0.0018
135,0.34183950052928114,0.12727669004695358,0.1877194194827342,0.0018
136,0.3421000646332563,0.13045256184571946,0.20009008569503936,0.0018
137,0.344268136484138,0.13203476330578018,0.19595805008762845,0.0018
138,0.34356331193851214,0.13018665402294166,0.19417439005661563,0.0018
139,0.34402491670038743,0.13241651312351477,0.1962965737929179,0.0018
140,0.3426445139161611,0.1289994875161924,0.1946233791767979,0.0018
141,0.3417014261170969,0.12716997147431586,0.18920466032274086,0.0018
142,0.34258110644453665,0.12913293933356737,0.19625924757542215,0.0018
143,0.3427372848836042,0.13000568642073995,0.1962340941831953,0.0018
144,0.3415631768056902,0.12802534669289556,0.19156333948558563,0.0018
145,0.3408256386548786,0.13240199112378323,0.1999662595447758,0.0018
146,0.34242925666651486,0.1282868827338041,0.19244098103962917,0.0018
147,0.3419457468188415,0.1283816670545609,0.1891065164542565,0.0018
148,0.34023824245747875,0.13092670529187184,0.20397587069866296,0.0018
149,0.3413441825216099,0.12804481181154573,0.19611936326011992,0.0018
150,0.3407897010950719,0.12958554733885483,0.19716718362558397,0.0018
151,0.34086943708233913,0.1281542972170745,0.19197385816500498,0.0018
152,0.3407352304054519,0.13106465716310006,0.19967768476369807,0.0018
153,0.3408264621334561,0.13352405866915865,0.19812853845004375,0.0018
154,0.3411601746486405,0.131814400712713,0.19271250773058338,0.0018
155,0.3410770650637352,0.1318397149098981,0.19782488148640542,0.0018
156,0.3408576608714411,0.13104550745720273,0.1982099614149115,0.0018
157,0.34070454285306445,0.13139221485612707,0.1940437283109773,0.0018
158,0.3405322957847078,0.13218023365034925,0.19157683221096772,0.0018
159,0.340105050701206,0.12957982219460393,0.19177622543123082,0.0018
160,0.3407627388329829,0.1331856790344499,0.19500206130778366,0.0018
161,0.3402148341223345,0.13296798164816084,0.1983370371220734,0.0018
162,0.3406776375437187,0.13242100326262526,0.19556725740835093,0.0018
163,0.33859086024054025,0.12896279119436171,0.18853991215039947,0.0018
164,0.3395166001835112,0.1301015297599538,0.19499243440252173,0.0018
165,0.339906306337502,0.13175654571024084,0.19442595372311192,0.0018
166,0.34109501060792957,0.13504205659304766,0.20292845280978272,0.0018
167,0.3415641066128925,0.13171291836357565,0.19581296053244338,0.0018
168,0.34199241712941963,0.1321370313982783,0.1958358515043354,0.0018
169,0.3402250928141303,0.13226937152512552,0.19125000356428654,0.0018
170,0.34009561624567386,0.1348483950218039,0.1981570817547443,0.0018
171,0.3387342459064419,0.13585098805835755,0.19782509713205773,0.0018
172,0.3374094983278695,0.1322947371550385,0.19786791580713703,0.0018
173,0.33982859046782476,0.13230731028815362,0.19433573947988483,0.0018
174,0.3386496355978109,0.13333086185148002,0.20219341437937305,0.0018
175,0.3396852625123525,0.13338250526763643,0.19466782634835486,0.0018
176,0.3385339687436314,0.13334545077572493,0.19564892390408464,0.0018
177,0.33884059157917057,0.13176725115369559,0.19418686961923481,0.0018
178,0.3388945375711231,0.13238236860859234,0.19933632048464398,0.0018
179,0.33871505977743765,0.13438373254838,0.19598791329244217,0.0018
180,0.33779252787767833,0.13284057782384665,0.19871768144259358,0.0018
181,0.33875921482251864,0.13233695289020855,0.1969505443301804,0.0018
182,0.338062108446986,0.13128151117658626,0.19736128330278765,0.0018
183,0.34022677550881597,0.1331669885050749,0.20345665359738963,0.0018
184,0.33787904818684367,0.131283217132006,0.19385925368002135,0.0018
185,0.3378737759539637,0.13075660982473689,0.1948312495020131,0.0018
186,0.3394162500813856,0.13197296967176148,0.19245602790091915,0.0018
187,0.3393715469766471,0.1357887048839169,0.20387134483427938,0.0018
188,0.33767821677660537,0.13452135661342698,0.2010567647362936,0.0018
189,0.3371186833512985,0.13204329618123584,0.19490856404540188,0.0018
190,0.338869529634209,0.13401925483213967,0.2004837635644234,0.0018
191,0.3377323093808303,0.1297633856003847,0.19421552167626863,0.0018
192,0.3373625985646652,0.1321316569880512,0.19126358552235231,0.0018
193,0.3360643422199508,0.13047891585154758,0.1943660962529803,0.0018
194,0.33758224673190357,0.12907331145116213,0.19451669220835577,0.0018
195,0.3384930819778119,0.13015553722257814,0.19016648640731146,0.0018
196,0.3377800827561799,0.13244019510617916,0.1981133949200131,0.0018
197,0.33701407555806434,0.13175225262664195,0.1930859046840738,0.0018
198,0.33830356560016084,0.13083977716537987,0.19275489139632962,0.0018
199,0.33767196523436044,0.130255203314783,0.1893247991182517,0.0018
200,0.3375548417285337,0.131845692260417,0.1900440972750584,0.0018
201,0.33706254549955916,0.1302559785237296,0.19106377681240572,0.0018
202,0.33645684587753427,0.13313623793052073,0.19266001381587178,0.0018
203,0.3365859502958039,0.13370675577429406,0.19448540221010988,0.0018
204,0.3376303861959506,0.13321613278639383,0.20139574482957992,0.0018
205,0.3360598940970534,0.13462947812215995,0.19907088950139545,0.0018
206,0.33643714325912927,0.13066669178364262,0.19618739202736052,0.0018
207,0.33826646966449286,0.13181785723989467,0.19268095003428637,0.0018
208,0.33651931242922606,0.13033290515350013,0.1966970705265485,0.0018
209,0.3372065513315847,0.1299722632033506,0.18938369361900498,0.0018
210,0.33558484091091967,0.13080139409794353,0.19145327747678376,0.0018
211,0.3354567262833401,0.13198450919294777,0.19804990679506318,0.0018
212,0.3351688296613047,0.1307443050093467,0.19230518190812787,0.0018
213,0.33596995775982486,0.13367565136735893,0.19641470485304535,0.0018
214,0.3361527168397176,0.13216959079370794,0.19569328277246503,0.0018
215,0.3352479707386534,0.13125131706696738,0.19474811531453384,0.0018
216,0.335893951482692,0.1286639379208595,0.1897379510913475,0.0018
217,0.3354815081772158,0.13295560928858585,0.19776386585039987,0.0018
218,0.3368900170770742,0.1282606706327312,0.1887758024678056,0.0018
219,0.3344633431505349,0.1306231524303191,0.19083710441712787,0.0018
220,0.3356525157972918,0.12984062578389383,0.1881142759671489,0.0018
221,0.33421544793803815,0.12770492823430024,0.18527677422353606,0.0018
222,0.33494604189517135,0.12754981580243344,0.186053198029043,0.0018
223,0.33527207690275324,0.1304079678116388,0.1936553179584533,0.0018
224,0.33488174363718193,0.1293037375080928,0.1873896238493198,0.0018
225,0.33527576595039693,0.13022010202718784,0.18885767810264176,0.0018
226,0.335114286107532,0.1302900759436241,0.18919538198264965,0.0018
227,0.33459400158312363,0.12745771094089742,0.18487236240590785,0.0018
228,0.3354235996129149,0.12969334475943503,0.18974902152116982,0.0018
229,0.3344435410226806,0.13104968466224606,0.1933048026817837,0.0018
230,0.33434713177256664,0.13186124415404885,0.199174370599774,0.0018
231,0.3351708616493112,0.13192035894851817,0.19881864822420728,0.0018
232,0.3349195370229624,0.13107455393535147,0.19782329481774827,0.0018
233,0.3352691920126899,0.13161354909398107,0.1914088953707253,0.0018
234,0.3351365306367308,0.12967458730554668,0.18621494435185326,0.0018
235,0.3341682674521107,0.13134708108823945,0.19661647017548367,0.0018
236,0.33432134190353296,0.1325214402260768,0.1919694021078624,0.0018
237,0.3341832908533387,0.12800834786649765,0.18908965426555738,0.0018
238,0.3349523813290111,0.132426360941724,0.19710068761558747,0.0018
239,0.3341627321758513,0.13056616001046384,0.1976745922683802,0.0018
240,0.3343092590823012,0.12965582427461556,0.19209122424077107,0.0018
241,0.33244588693319743,0.13015975966363513,0.19393360402519827,0.0018
242,0.33412251520459935,0.1324168712935956,0.1984012019282081,0.0018
243,0.3334303438916045,0.12956671056702468,0.19317999961953497,0.0018
244,0.33445742625301167,0.1314592490513461,0.19689429799521752,0.0018
245,0.334932122947806,0.13144541302787668,0.19621551984237756,0.0018
246,0.3332025502192772,0.13165675568375199,0.19994724089955376,0.0018
247,0.33249512188515423,0.1268781149108187,0.1887200515601387,0.0018
248,0.3335856126021531,0.129251173260206,0.19295191995047453,0.0018
249,0.3338829188023583,0.1305364746510809,0.1917988765902854,0.0018
250,0.3328441115001501,0.13154783293987274,0.1969775734677793,0.0018
251,0.3332785025744115,0.13268778854013402,0.1990392713871355,0.0018
252,0.33302975130283224,0.13109513632157221,0.19467596604222168,0.0018
253,0.33283371692996916,0.12755417085317436,0.18909094163292126,0.0018
254,0.33281880288811055,0.13030938366573355,0.1975399791879665,0.0018
255,0.3331038482108359,0.1323902526880711,0.1959983228427008,0.0018
256,0.3339954973277399,0.13236094904628296,0.1998589089082486,0.0018
257,0.33332705030501897,0.1353213338267155,0.19697018760418836,0.0018
258,0.3350734079288224,0.13188243753628986,0.1977048867644985,0.0018
259,0.3328742131085719,0.1347548116242594,0.2020603703069812,0.0018
260,0.3320064309795024,0.12965126907000593,0.18901802923526198,0.0018
261,0.33228341666823724,0.12992120723570047,0.19236099509277194,0.0018
262,0.3318433366337065,0.13091768225632283,0.19809668795900334,0.0018
263,0.33212872973438035,0.12995335950700707,0.1964904457408767,0.0018
264,0.33349767983969997,0.12945930106075348,0.1938086178500465,0.0018
265,0.3312420031781924,0.133697073408354,0.19828102967044087,0.0018
266,0.3317421304724984,0.13024149246494046,0.1999351006070341,0.0018
267,0.33183054310285437,0.13077767555466535,0.18976491888147637,0.0018
268,0.33163585122359,0.130537898036333,0.1939839888882502,0.0018
269,0.3330781568410033,0.13308660039075138,0.2028843002919834,0.0018
270,0.33293645033391855,0.1337379748204419,0.2070225561610543,0.0018
271,0.3322553914987435,0.13377224017129125,0.199812940133533,0.0018
272,0.33064881270214663,0.13094761548427383,0.19537100313363862,0.0018
273,0.33118714594234855,0.13117463582707925,0.19450912044334046,0.0018
274,0.33122773923106114,0.13183702119823465,0.19939932433638335,0.0018
275,0.3314554397079904,0.1340604499684807,0.2024407822507209,0.0018
276,0.3311401586663925,0.13238004484076674,0.19719703753532647,0.0018
277,0.32978981518644396,0.1318262302401239,0.1976035602636286,0.0018
278,0.32978634700431664,0.13230865125710684,0.19752976390469637,0.0018
279,0.3307746224484201,0.13240938814152572,0.20064178163416757,0.0018
280,0.33000041342387765,0.12974148207469618,0.19575955012370955,0.0018
281,0.3295497720019292,0.13256073668918647,0.20159411280348755,0.0018
282,0.32973286130670776,0.13274791959573243,0.19847298404520708,0.0018
283,0.3306116993396969,0.13342061382063367,0.20323527846319972,0.0018
284,0.33024104760359907,0.13050106910481843,0.1952909669933968,0.0018
285,0.33106374273360784,0.13162865606353324,0.19483329441768138,0.0018
286,0.33067460408655264,0.1310030308403648,0.1958955472402278,0.0018
287,0.3301248657753912,0.13211378070692234,0.19810485739709807,0.0018
288,0.32993441782260347,0.1327603409093496,0.19992435922273294,0.0018
289,0.33002609469122807,0.13228916011225703,0.2013937110679971,0.0018
290,0.32991175631345326,0.13309339880590199,0.19952177109807798,0.0018
291,0.32993184623576827,0.13044338203330114,0.19460757197868217,0.0018
292,0.330098527594138,0.13267700191972323,0.1973417599351984,0.0018
293,0.32903249852233013,0.13060164053696813,0.19644352050333264,0.0018
294,0.3300377462627524,0.13079641132005398,0.1948490811666404,0.0018
295,0.3289048558069488,0.1332745845324436,0.19815977453687658,0.0018
296,0.32832707729885136,0.13258842670659648,0.1965245149654172,0.0018
297,0.3289255706940667,0.13332772507475113,0.19917574069327174,0.0018
298,0.3297739446920864,0.1296462986855448,0.19100797292283286,0.0018
299,0.32942108898344685,0.13031574583220437,0.19226909751214702,0.0018
