0,0.4049950400451282,0,0,0.001
1,0.3672838040568807,0,0,0.001
2,0.3647323546108899,0,0,0.001
3,0.36169411752138053,0,0,0.001
4,0.35831996973033425,0,0,0.001
5,0.35786411434680493,0,0,0.001
6,0.3572259961484789,0,0,0.001
7,0.3569122931441745,0,0,0.001
8,0.35677846245937517,0,0,0.001
9,0.35580908191633653,0,0,0.001
10,0.3570340673128764,0.3011430501096703,0.4566413530024504,0.001
11,0.35450094978551605,0.2955730401297226,0.45459838588916296,0.001
12,0.352281541034982,0.3031078096065196,0.47224944506565286,0.001
13,0.3528897084362872,0.3023854027679763,0.4667328573254849,0.001
14,0.353001515204842,0.30089734775285654,0.462212476025194,0.001
15,0.3509638094687247,0.30789002712518715,0.47262371001104253,0.001
16,0.3502792964378993,0.3001287817101395,0.46448705344672997,0.001
17,0.3502602738303107,0.3037731889237927,0.4626860104527755,0.001
18,0.3501477068340456,0.2973145686876668,0.4647126636965195,0.001
19,0.34938176996536086,0.30053615167635805,0.4597565645163596,0.001
20,0.3485194301685771,0.2991762918593227,0.46778001754703435,0.001
21,0.34899814869906454,0.29904340083119285,0.4600802653534519,0.001
22,0.3496514000334181,0.2993039558457477,0.4621555411749931,0.001
23,0.3487320410775709,0.29738707325559716,0.4564085106275073,0.001
24,0.3482281416654587,0.2951573373819449,0.46433987996571324,0.001
25,0.34678455757665205,0.2960435979507068,0.45688149662589433,0.001
26,0.3465397770071889,0.2944071064970468,0.45533093233519056,0.001
27,0.34634438626938036,0.2966556874714552,0.4575742781573341,0.001
28,0.34646655686266786,0.2956262362425895,0.45856061211211274,0.001
29,0.3454546718984037,0.29823073409278206,0.46387112644304895,0.001
30,0.3449403810071516,0.2942520494090928,0.4561139494590572,0.001
31,0.3447025066560453,0.29657323268627445,0.4634829897331854,0.001
32,0.3437332610289256,0.29535682381799205,0.4529143710008606,0.001
33,0.3437589508993132,0.2933217134645446,0.45095418403326315,0.001
34,0.34374348658162196,0.29737525392277486,0.4621780746265928,0.001
35,0.342606201096698,0.29940286755800893,0.4677594499330459,0.001
36,0.34320277821373296,0.29975176322344255,0.46774044101255763,0.001
37,0.34216464324308943,0.30191640414689613,0.47528025393420525,0.001
38,0.3419242775118029,0.2961379723355435,0.45755222856916494,0.001
39,0.34216475365935145,0.29276915104633505,0.4537778598544587,0.001
40,0.3426127329065993,0.3015807087620399,0.4657133631539664,0.001
41,0.3414021234388824,0.2985914409886676,0.46980313790409733,0.001
42,0.34228716602733544,0.2975787398914112,0.46351546023564744,0.001
43,0.3414729104654209,0.29622525360149243,0.45999225158290025,0.001
44,0.34121652712693085,0.292454214440844,0.45170866232989043,0.001
45,0.3408995976856163,0.29619249318597096,0.4618639166094044,0.001
46,0.3407864555850759,0.2942824287405127,0.4563910923036026,0.001
47,0.3407861579645861,0.29589852500867925,0.4591962240778099,0.001
48,0.34053727185672467,0.294669707866526,0.46775705416340674,0.001
49,0.34055938645526096,0.2944971430753302,0.46206023830949616,0.001
50,0.33926944152728933,0.2955351377473855,0.46844513910522095,0.001
51,0.339055882515134,0.294249309795101,0.4704516204851293,0.001
52,0.3382761501245671,0.29607709568193474,0.46689718175218414,0.001
53,0.339815344426546,0.2974621432365556,0.46569900904525646,0.001
54,0.33717058780225545,0.294332507972766,0.46510321060836934,0.001
55,0.33606575543547534,0.29086820328677226,0.4544995790016795,0.001
56,0.3371857333559174,0.2928225912431103,0.45672141986686227,0.001
57,0.33642316200174727,0.293344518092436,0.46226951038263103,0.001
58,0.3361086174174472,0.2958611087685662,0.46610867957677515,0.001
59,0.3365153210522892,0.29428937247194625,0.4641788430757922,0.001
60,0.3367207881298151,0.2966461621222527,0.4713552806378291,0.001
61,0.3357917695297851,0.2929392805688273,0.466682780119007,0.001
62,0.3347621663465156,0.2925327648962879,0.4619891476054603,0.001
63,0.33563880837178445,0.29814152243708514,0.4721836897725065,0.001
64,0.33701673136638094,0.29721299484033076,0.4702149049239497,0.001
65,0.33559082938475654,0.2941356421471454,0.4677883351366186,0.001
66,0.33453332545521025,0.2953606648479602,0.470952698667589,0.001
67,0.33602435524399216,0.2907371606118901,0.4607449129229718,0.001
68,0.3373493055502574,0.292767004424577,0.4610024277752927,0.001
69,0.33576560906461766,0.29621437616922924,0.4698521197713807,0.001
70,0.3359338086736095,0.2942407668583096,0.4710806862419646,0.001
71,0.3352013090709308,0.29531913108448904,0.46601690504037585,0.001
72,0.3346385236258979,0.2900467242077542,0.4583824554199953,0.001
73,0.33300040715986545,0.29100372606608793,0.4589628021301862,0.001
74,0.33410915517592216,0.2998675886339156,0.4781009171928171,0.001
75,0.33446990423374345,0.2950743529042992,0.4711090458042595,0.001
76,0.3334749288655616,0.2893980975540812,0.459849234617884,0.001
77,0.3326169200040199,0.2891935127014592,0.45620053898481705,0.001
78,0.3343076697877935,0.29393509379417754,0.463439105522861,0.001
79,0.3336747366565842,0.29181918508389815,0.46400268184557775,0.001
80,0.33325304775624665,0.28944469833744174,0.45735714045496223,0.001
81,0.3329967779887689,0.2911977504916886,0.4560332445329786,0.001
82,0.33233336862680074,0.2877829852175202,0.45779728754623444,0.001
83,0.33273672218526806,0.2888427595676112,0.45305658659080733,0.001
84,0.3327486747288489,0.2861869256049569,0.4512922047971904,0.001
85,0.33176497229047724,0.2909964010168474,0.45460229781485784,0.001
86,0.3314908906011968,0.28827129685124714,0.447818294004171,0.001
87,0.3334402531922401,0.2861292428044805,0.4454758116293495,0.001
88,0.332199713534063,0.2896117180688945,0.461836037112554,0.001
89,0.3307069513846088,0.2956761554530274,0.4761184482003004,0.001
90,0.33178051957139026,0.288058416184131,0.45215571264071897,0.001
91,0.33046494263249476,0.2887706378366823,0.45660724252958546,0.001
92,0.32949432153422553,0.28651971730282066,0.44574650397428306,0.001
93,0.3313451805361756,0.2887225138076863,0.4512882419784816,0.001
94,0.33022765519919695,0.29501689139981435,0.4702792572410264,0.001
95,0.3304721084129703,0.2886331704884704,0.45793779784041705,0.001
96,0.3297199330351374,0.29180177511549926,0.4604915712977903,0.001
97,0.33039149769523124,0.2877536369127338,0.4535033657254275,0.001
98,0.3291953770561261,0.2887418121347868,0.45168550297017945,0.001
99,0.3295988073354369,0.28994703922551784,0.4546004512340104,0.001
100,0.3297545343368977,0.2909172955490311,0.46413400177296765,0.001
101,0.329811516377303,0.28938870741318473,0.4634799034896712,0.001
102,0.3282005929195129,0.2891217971018467,0.4546692054169904,0.001
103,0.3295589085366275,0.29020052340270347,0.45596119749603986,0.001
104,0.3285433627195186,0.2871068363307899,0.4527288257065618,0.001
105,0.3274894743352323,0.2885803207519381,0.45132201670937433,0.001
106,0.3283731284979227,0.29109026292675627,0.4592847300673616,0.001
107,0.3292777358411669,0.2849399697874669,0.44452778872007526,0.001
108,0.3294895082577929,0.28995034803103026,0.46260019571618244,0.001
109,0.3284936574128297,0.2868764545436079,0.45003548841314495,0.001
110,0.3270322236123386,0.28590456559245886,0.4506490363583257,0.001
111,0.326594192501124,0.28513810667244416,0.4444389279986207,0.001
112,0.32807153557334934,0.2899209268049103,0.45928318276781976,0.001
113,0.32736506427193546,0.2914866232907945,0.4578411231423366,0.001
114,0.32718460047030234,0.29086324210409614,0.4622248582195148,0.001
115,0.3280171327091552,0.28412208866730493,0.4481422743730411,0.001
116,0.3271542308298317,0.2911348365983222,0.46048961305615116,0.001
117,0.3269855365291372,0.2925131404487788,0.4626406017308259,0.001
118,0.32635184807014894,0.2899541956441744,0.4580106599251753,0.001
119,0.3272840967317959,0.289712912117618,0.4579769991338659,0.001
120,0.3266089284070977,0.2870495419376946,0.45114204078190945,0.001
121,0.3264436668775103,0.28970843353237896,0.4574897600531995,0.001
122,0.3258918719785707,0.2846528805226455,0.4378693129079582,0.001
123,0.32619087760512894,0.2947542996519,0.466346150937191,0.001
124,0.3260813903835443,0.2892605663997024,0.45140946761838424,0.001
125,0.3261397193009789,0.2878296887997053,0.4514863525300319,0.001
126,0.3261030868098542,0.290081774049312,0.4574060114210511,0.001
127,0.3251477449729636,0.28607546889132435,0.4495460009247005,0.001
128,0.3270165843738092,0.2872271514672613,0.45477218553161325,0.001
129,0.3261566223861935,0.2873988974126485,0.4593928678471239,0.001
130,0.32704290338196196,0.28738579132212694,0.45451707176611206,0.001
131,0.3257950183239069,0.2882555129273081,0.45305719198979355,0.001
132,0.3253436877920821,0.2855468327729086,0.44750693434314953,0.001
133,0.32558691689560004,0.28510714447675356,0.44879497423785136,0.001
134,0.3254685542202211,0.2834711558764566,0.4424395063152965,0.001
135,0.32540021742786374,0.2863928924181303,0.4543162084342281,0.001
136,0.32544704540087294,0.28690696351295425,0.45124937642700497,0.001
137,0.32569634243174717,0.28565515285639964,0.45230596021169434,0.001
138,0.324861412247022,0.2840442886939195,0.4438671130844308,0.001
139,0.3243332207874135,0.29239215433475857,0.4588401317363667,0.001
140,0.3241848477103689,0.29008198623013687,0.4580561704331527,0.001
141,0.3244313801731075,0.2897500954145821,0.4586228983247448,0.001
142,0.32559485753645767,0.2872489291197044,0.45355155685200244,0.001
143,0.3243447106566515,0.2919939775205561,0.46514057291694305,0.001
144,0.3251661703259021,0.2859316168752366,0.4520619236524861,0.001
145,0.3246232306769302,0.28779173273916425,0.45645807434626295,0.001
146,0.32490296614868147,0.28852866611504,0.4645027831860095,0.001
147,0.32500544036025397,0.2820485948532778,0.43489545560074566,0.001
148,0.3245260475857838,0.28617154983792675,0.4500043358118636,0.001
149,0.32432933353089,0.2854457420294077,0.45643346035787125,0.001
150,0.32417157305790495,0.2865576242427411,0.4448397066850551,0.001
151,0.3224533283495688,0.28516177015159805,0.4402379155524632,0.001
152,0.32385169392501983,0.2887712191817586,0.46144971584005184,0.001
153,0.3228913403309143,0.2879302032621114,0.4538230581679777,0.001
154,0.3239407822623983,0.2837888113336153,0.4510421051329537,0.001
155,0.3238779029196447,0.28591874777904924,0.4480468621255442,0.001
156,0.3234887638607541,0.2828046989439202,0.4468065697526395,0.001
157,0.3224217339947417,0.2838528722187916,0.4488046355549219,0.001
158,0.32403908106120854,0.2902991687495377,0.4578569493504634,0.001
159,0.32302030390715814,0.2876803524916524,0.4494696378563446,0.001
160,0.32264839777269877,0.2847076621681202,0.44606124308334655,0.001
161,0.32304131508142025,0.28638738128706326,0.45086543801098916,0.001
162,0.32311542050258535,0.283863548104591,0.44319444948542386,0.001
163,0.32203410377910546,0.28241477338117466,0.43699033282860844,0.001
164,0.3217117269565393,0.2829034972229958,0.44411505169457005,0.001
165,0.3234117774813025,0.2841229748640675,0.4481406382006243,0.001
166,0.3216106352639628,0.28729220894399693,0.45138591934489547,0.001
167,0.32307091120395576,0.28393939540670987,0.4444699286804576,0.001
168,0.32196712547594364,0.2865292031529675,0.4497208685608453,0.001
169,0.32197382717250705,0.2857267048894097,0.45638166038489314,0.001
170,0.3224898610297624,0.28728061900953666,0.4547944675565324,0.001
171,0.32174133898707125,0.28684115555416023,0.4495357729481021,0.001
172,0.31986759394944253,0.2840401154667649,0.4398600053000037,0.001
173,0.32144798445809,0.28617880449782446,0.449547386430034,0.001
174,0.32133498365009155,0.28491308814806937,0.44593831366687425,0.001
175,0.3199704671362499,0.2827343880927759,0.44169341625079517,0.001
176,0.3201522555302929,0.2842717981907944,0.4420278129763748,0.001
177,0.32066079094871747,0.285903870814197,0.4503717886893637,0.001
178,0.3200034035352973,0.28719033530895605,0.4553075526922851,0.001
179,0.32084440533910785,0.28639572166459465,0.4493342677565653,0.001
180,0.3206848589418171,0.2878099514254087,0.45303808356206915,0.001
181,0.32079384556493246,0.2872824850867196,0.44596505528708563,0.001
182,0.3205193368432758,0.28384968697442775,0.4450930771749311,0.001
183,0.3197102397009059,0.28346994153369276,0.44217627929186387,0.001
184,0.31855373144955246,0.2822029566565718,0.4446323525949066,0.001
185,0.32012653136038566,0.2832654285896081,0.43830795219874413,0.001
186,0.3198893563570203,0.28506259561869696,0.44360884015408203,0.001
187,0.31908085163649136,0.28478074554913607,0.4400746849457642,0.001
188,0.32020673196058014,0.2840172277895769,0.4468746554900639,0.001
189,0.3192706292679718,0.28395300384419625,0.4442883462048675,0.001
190,0.3201662918871587,0.28410338940921603,0.4463595270377832,0.001
191,0.3206102364772075,0.28591253376734993,0.4473549890723823,0.001
192,0.3199511228783711,0.2866433761862769,0.45319159740110043,0.001
193,0.3181024110532022,0.2845895422676293,0.44115304942120603,0.001
194,0.31984642852802536,0.2868015126813814,0.4438933290633643,0.001
195,0.31934644859116357,0.28468681730106954,0.4418404742730341,0.001
196,0.3197481508727546,0.2884435304580529,0.4502461976442244,0.001
197,0.31926824729721826,0.28258686570289654,0.44596620379808577,0.001
198,0.31927444792545595,0.2866657321454073,0.44608977431461366,0.001
199,0.3193196316023131,0.28838349999575286,0.44616092046924677,0.001
200,0.31867430775283695,0.2905653174380581,0.458566790675919,0.001
201,0.3187469083580885,0.2892280343697466,0.45599174014075167,0.001
202,0.3185344874053388,0.28565161769091413,0.4479113834033621,0.001
203,0.31846233255959844,0.28898115007965064,0.4583716258423968,0.001
204,0.31819914731087984,0.2863532490389533,0.44950600053497375,0.001
205,0.31818147339262404,0.28711504251281156,0.4498365780057196,0.001
206,0.3186938481422158,0.2881972396665888,0.4528524357221453,0.001
207,0.3188418145249556,0.2886407335448415,0.4615050464209192,0.001
208,0.3192609059246811,0.28629838636977456,0.44829080373509966,0.001
209,0.3183886359806533,0.28536938022676844,0.4417263911258128,0.001
210,0.31755122723611623,0.28463867959932354,0.4417569003482468,0.001
211,0.31867287120035104,0.28707648586406453,0.44856159102968596,0.001
212,0.31835713834912927,0.28283446654637484,0.43971198258929245,0.001
213,0.31776109243835415,0.2872912665370397,0.44707974142290663,0.001
214,0.31849229852626987,0.2873900683609023,0.44725734208985735,0.001
215,0.31850531422071626,0.2864135159891894,0.4439576935339966,0.001
216,0.31721211399312493,0.28718575493768883,0.45138260902020066,0.001
217,0.31801817680264377,0.28744739668267366,0.4510728612244849,0.001
218,0.31705494943234297,0.28978055222491894,0.4569745153825438,0.001
219,0.3185894833625974,0.2854351183026177,0.45185140583990663,0.001
220,0.3173767406795476,0.2862915970897768,0.45030435924393936,0.001
221,0.31704205254445206,0.284851692942755,0.44516899891730083,0.001
222,0.31808380346308956,0.2874916437274328,0.45339318386954003,0.001
223,0.31724006816879047,0.283221957853213,0.4412541388983425,0.001
224,0.3183422531630542,0.28667319898612986,0.45009271266988754,0.001
225,0.3172794546227197,0.2843104561191714,0.44553678525798146,0.001
226,0.3174935330276017,0.2860714779675038,0.4455865647023482,0.001
227,0.3174181045578407,0.2873840877987502,0.45263995738913504,0.001
228,0.316916513953123,0.2865072128133014,0.4489416767685902,0.001
229,0.3190272842441593,0.2853819090233989,0.44878516783771133,0.001
230,0.3174379898218421,0.2884023364877404,0.4497304501202075,0.001
231,0.3174273935524193,0.2881835213407038,0.45167335928938646,0.001
232,0.31682927429944546,0.2839032269316385,0.43986621500729606,0.001
233,0.3166408019291388,0.28484468236676563,0.44283246494832723,0.001
234,0.31771981602048016,0.28625535822536263,0.4428220918886594,0.001
235,0.3171825706287547,0.28383211090743565,0.4425220069292087,0.001
236,0.31710779176907494,0.28771893648589947,0.4529220642015282,0.001
237,0.317349683728304,0.2877568702649219,0.44516875280780077,0.001
238,0.3168375048417229,0.2911369285290801,0.45532312899292576,0.001
239,0.3174877442620896,0.28776301591287096,0.4506773457872039,0.001
240,0.31710759818822415,0.28646436444023265,0.44638287249881364,0.001
241,0.3158759409645656,0.2891755543038639,0.44837954444019307,0.001
242,0.3172996753642151,0.2868807168968369,0.44675726885452277,0.001
243,0.31656506952938734,0.2892248000047622,0.4552012523782036,0.001
244,0.3170898635242436,0.28652864105102094,0.44215982641602863,0.001
245,0.3157596717009673,0.2852549853910693,0.4465722795853907,0.001
246,0.3161463982484362,0.2881272751917791,0.45472307984998267,0.001
247,0.3152888854210441,0.28642257494569573,0.4469605598591292,0.001
248,0.3170473969600222,0.2830004587959811,0.44096449991989295,0.001
249,0.31680908033976685,0.28387845190854527,0.44102104813510773,0.001
250,0.3159109610426533,0.2890740979408986,0.4578409013399477,0.001
251,0.31677232850510795,0.2877372615157555,0.4467555909042587,0.001
252,0.3161989202773249,0.28423058902853743,0.4411925765818633,0.001
253,0.3161413344042795,0.2848825270197136,0.43886828200293276,0.001
254,0.3162785544991493,0.28291748799108546,0.4319337153884233,0.001
255,0.31590582067902023,0.284423037036697,0.4406866179872503,0.001
256,0.3158782485637579,0.28414525587627176,0.4409533703013917,0.001
257,0.316310622670629,0.28280168435573294,0.4421412102073043,0.001
258,0.3156352931180516,0.28472244848770367,0.44245977768636824,0.001
259,0.3149032611567695,0.2853294532646274,0.43896109794712385,0.001
260,0.3154356668258573,0.2864337709023953,0.4370816873077438,0.001
261,0.3159526150237333,0.2845032768363694,0.4427161402297029,0.001
262,0.31562258947539973,0.28560909746384666,0.44497163049223676,0.001
263,0.31555040811633206,0.2853391269884879,0.44392805708877103,0.001
264,0.31476753735327506,0.28614202024260266,0.44503490797924394,0.001
265,0.31480692233051266,0.28816454255083607,0.4491892302629378,0.001
266,0.31387886116365055,0.28671097274333684,0.4489667974083292,0.001
267,0.31413281413617433,0.28894330086911924,0.45166603905095504,0.001
268,0.31481882728434896,0.2873165611246349,0.44946779431388606,0.001
269,0.3143818757018527,0.2854731467780942,0.44665547295196956,0.001
270,0.31469479773764136,0.2867081070362057,0.4490962905043994,0.001
271,0.31435595781684994,0.28896682053119854,0.4515203034874802,0.001
272,0.3150028088339814,0.2857458928217134,0.4407531587039245,0.001
273,0.3156066510054442,0.2881547948928457,0.44687132693503573,0.001
274,0.3153566385174657,0.2863268667081318,0.4426143336927886,0.001
275,0.31406749919191135,0.29062986395906026,0.4515015064946169,0.001
276,0.3142987107774159,0.2851669607326361,0.43982958115245857,0.001
277,0.31549268222606935,0.28584988168182707,0.44386174653005517,0.001
278,0.3150944470151051,0.2866172242666136,0.4468222402433357,0.001
279,0.3144649028241097,0.2852184548413207,0.44000004996108905,0.001
280,0.3156376718669324,0.28636135039655786,0.4462481594506317,0.001
281,0.31483165523758877,0.2871516150936066,0.4499434609308706,0.001
282,0.31333482567522974,0.2871836543981624,0.44651014833059194,0.001
283,0.3141043147928006,0.28794026235496406,0.4469810180911176,0.001
284,0.31398408604903266,0.2879565298891364,0.4508863770680193,0.001
285,0.31402072793728597,0.2862323834476928,0.44485663582834867,0.001
286,0.31374456068953954,0.2843542160089102,0.4400236164649111,0.001
287,0.3147087035415409,0.28792840605507686,0.4500899971098178,0.001
288,0.31388822661058324,0.28595483371122216,0.44485982765587684,0.001
289,0.31355411102911374,0.28408563660926955,0.4344462594277641,0.001
290,0.3129942158723737,0.2861766928175387,0.4402958713013309,0.001
291,0.3142760603411778,0.28659221630037135,0.445972204616142,0.001
292,0.31459110995402206,0.286045810164472,0.4417101053613665,0.001
293,0.31555264053849486,0.282832698710433,0.43641019576725093,0.001
294,0.313997344189399,0.28396161008075643,0.43980102865246923,0.001
295,0.3131514515828442,0.28693681315190916,0.4482784010316538,0.001
296,0.3144429724092956,0.2843359770667397,0.43957381261415174,0.001
297,0.31410130005967507,0.2846444793773361,0.4451985609219986,0.001
298,0.31351158828348724,0.28639761761926846,0.4406873555561532,0.001
299,0.31345377077121994,0.28328701026596714,0.4346218327297285,0.001
