0,0.41568463876706746,0,0,0.001
1,0.35718322100989314,0,0,0.001
2,0.3509570548840619,0,0,0.001
3,0.34615694943371167,0,0,0.001
4,0.343017721531588,0,0,0.001
5,0.34349846730538464,0,0,0.001
6,0.341339843535642,0,0,0.001
7,0.34217662166018004,0,0,0.001
8,0.33934560199396324,0,0,0.001
9,0.33723405974173765,0,0,0.001
10,0.3349430891898794,0.22661400037155655,0.3854716595375283,0.001
11,0.3342636831856649,0.22509318921934035,0.3843253380547113,0.001
12,0.33393069937688497,0.22459950023630865,0.3879797222375973,0.001
13,0.33449703892436594,0.22351955305928561,0.39080536591735276,0.001
14,0.3333386737819112,0.22350413073001538,0.3839467288400271,0.001
15,0.33059231212379736,0.223872437331191,0.37902762677508617,0.001
16,0.3288717610300134,0.22116780491024182,0.38777176091191984,0.001
17,0.32773030610806353,0.2229258495124853,0.3872807791251277,0.001
18,0.3278081849080707,0.22152853633316583,0.3829262843445923,0.001
19,0.32718905642491963,0.2230570088643718,0.38896524489494294,0.001
20,0.3247456348270451,0.22262724627536398,0.39398377683722113,0.001
21,0.3235140773681326,0.22271435096775233,0.3868311271316614,0.001
22,0.3243352048987642,0.22172852482471023,0.3860690581804658,0.001
23,0.32379492324426634,0.21996516561138357,0.3844477899784579,0.001
24,0.3227059234172926,0.2231201231677431,0.39006849448010034,0.001
25,0.32199397819851516,0.21977002716976646,0.3830994713801594,0.001
26,0.3246144428165681,0.22208800413472202,0.38900453402736385,0.001
27,0.32132714658702183,0.2207041258438091,0.3840990648923013,0.001
28,0.32170723693086467,0.2223876727164895,0.38479343755669226,0.001
29,0.320921475324062,0.22032434269447637,0.3855418983528567,0.001
30,0.32148668621111354,0.2215458545543405,0.3858054936034714,0.001
31,0.3196742209272647,0.22070107106582487,0.38422260187570434,0.001
32,0.31934793320817684,0.22070961636941575,0.3829014103980184,0.001
33,0.32008106664780084,0.21915058751170047,0.3797001492040144,0.001
34,0.3185486088105298,0.22065952702904287,0.3827045220919774,0.001
35,0.32045384257211595,0.22106476451180254,0.38288545665483603,0.001
36,0.32043107045353003,0.21978284024883363,0.381712602175837,0.001
37,0.3209055722306628,0.22046252488971427,0.3847526443944214,0.001
38,0.3193198834810782,0.21948971170239015,0.3858606384807902,0.001
39,0.3178491984758902,0.2191589206691924,0.38233300855082775,0.001
40,0.3173568976034812,0.2196580778411431,0.3790345399799048,0.001
41,0.3177750135233643,0.22034293384467823,0.3799880988372649,0.001
42,0.3165953700695563,0.22124972812030264,0.3879202942217769,0.001
43,0.3170871202825406,0.22188775646419417,0.38793915519496347,0.001
44,0.31736866077151865,0.22186925492291049,0.38810998917060013,0.001
45,0.3140604459091064,0.2206026254708449,0.3850279116654224,0.001
46,0.31441835922385575,0.22119888179692668,0.38587628753267733,0.001
47,0.3141512215957729,0.21914247100959183,0.3821095117443086,0.001
48,0.3154343210775918,0.22148413524527527,0.3857428118243873,0.001
49,0.3160594655286281,0.21885085779242647,0.3779917531340269,0.001
50,0.3154436270578192,0.22397057362072423,0.3912869180040547,0.001
51,0.3144968366677608,0.22070679229900325,0.38160172506069534,0.001
52,0.3117918430938633,0.22170647830428586,0.3866398884345824,0.001
53,0.31184259945646337,0.2185814279996559,0.38107021964623966,0.001
54,0.3130866092279417,0.21908330526631117,0.3794460088215887,0.001
55,0.3123325884615609,0.21982803712054613,0.3823716544810255,0.001
56,0.31093486350610716,0.21835915750866333,0.3849510128992688,0.001
57,0.31248922550350156,0.21753264448682483,0.38335012252029776,0.001
58,0.3143064595690561,0.21721183706162725,0.3820467159222772,0.001
59,0.31074408161530803,0.21967972083305104,0.38997693199312483,0.001
60,0.3096339032737487,0.2167065899962852,0.38425959819433114,0.001
61,0.3086959472216597,0.21777685306568303,0.38499129916030117,0.001
62,0.3085586588590517,0.21702318795210188,0.38490297580763194,0.001
63,0.3085295879239336,0.21611891384209772,0.3849791322721737,0.001
64,0.3069543753742078,0.21629171785072762,0.38182102697435893,0.001
65,0.30644046453707807,0.21549883501919087,0.38362026949891315,0.001
66,0.30711942856464913,0.21819674058411648,0.386125206793022,0.001
67,0.3054724959058499,0.2146729254025196,0.3815223661128911,0.001
68,0.30586927814767995,0.21437981730515632,0.378546292077837,0.001
69,0.30660563789376427,0.21457045553341858,0.38153070084338603,0.001
70,0.3068654440138318,0.21484501904156264,0.3792040490124441,0.001
71,0.30656009721099786,0.21473633029256423,0.3817576927123153,0.001
72,0.3081820795842267,0.22076175266271905,0.39163564025880016,0.001
73,0.3075938325956327,0.21494399589316016,0.37881549289324085,0.001
74,0.3056953753079843,0.21573259327911795,0.3823033188458628,0.001
75,0.30488188879205547,0.21610020566023672,0.3824731593108022,0.001
76,0.30498744984832377,0.21420502040257475,0.38022395207915505,0.001
77,0.30442273562107613,0.2156842908737554,0.3807745155644705,0.001
78,0.3036324029121924,0.21419285922969838,0.3807683677844544,0.001
79,0.3033037567083989,0.21468436398879448,0.3804068670567823,0.001
80,0.30418353726010805,0.21509503605057465,0.38103218561544216,0.001
81,0.3027793897674718,0.21568981569089657,0.3844310344740305,0.001
82,0.3073758960043618,0.21926720368746572,0.3959332244625904,0.001
83,0.3132576384675612,0.21765418469624098,0.3944637636254828,0.001
84,0.31137133683633367,0.21830307559154755,0.3913908394432111,0.001
85,0.3106215691894566,0.21870230875245159,0.39048250923227107,0.001
86,0.3098450900491225,0.21795058582958987,0.3868069295777408,0.001
87,0.31613661663247905,0.22171560362768555,0.39748016324672353,0.001
88,0.31273754187133335,0.22038590386398788,0.39588966257350855,0.001
89,0.3113562220006908,0.21732729985683433,0.38880672220940027,0.001
90,0.309373074168459,0.2182167746528791,0.3882486377096818,0.001
91,0.31006904739305513,0.21830676901003726,0.3913734292536155,0.001
92,0.31037066603472474,0.22131689364863402,0.39368189965003647,0.001
93,0.30872394144535065,0.21925678440918972,0.3930819291420103,0.001
94,0.30766122795026235,0.22042612951186435,0.3953219305123453,0.001
95,0.30684592581670217,0.22019596698674376,0.39823883859440695,0.001
96,0.30690112778353035,0.2185391184856375,0.39383754043097424,0.001
97,0.3087163809516014,0.21930493984334232,0.39316258802211385,0.001
98,0.3091753013090256,0.22032638865116955,0.3975457052229274,0.001
99,0.3085799520715661,0.2199643544645347,0.3947430708482314,0.001
100,0.30838740664884584,0.22250359488193208,0.40458232354402657,0.001
101,0.3072658867464153,0.21808582157453518,0.39140260081034783,0.001
102,0.3059661046627465,0.218069440917472,0.3925647006461592,0.001
103,0.30735419649596607,0.21816472676252258,0.3927003922482416,0.001
104,0.30596301629455813,0.2188564352004073,0.3955342054928441,0.001
105,0.30538603417370297,0.22005936723571398,0.3932089377500316,0.001
106,0.30937411806999,0.21953544884928886,0.39491637082564157,0.001
107,0.30653823843789757,0.22049430207874648,0.3975133852943449,0.001
108,0.30505643880695377,0.21696705506958613,0.3875809573083476,0.001
109,0.3039655943802737,0.21798418151862295,0.3901200684761115,0.001
110,0.30666180734240683,0.2187609440256178,0.3924800878577456,0.001
111,0.30719674604201536,0.22012383400979119,0.3940263005422304,0.001
112,0.3050771138263405,0.21859280796523414,0.38841126893004124,0.001
113,0.3053127163593922,0.21564035597246042,0.3834082611429603,0.001
114,0.3034138421126462,0.21629670989067862,0.38896364499036695,0.001
115,0.30284727754396035,0.21625427065608466,0.38953928722765974,0.001
116,0.30316279568803417,0.21455889079204876,0.3824254492471482,0.001
117,0.30408444207742674,0.21761046461515543,0.3891083577828371,0.001
118,0.30199474971228785,0.21515820708703517,0.3853968838578031,0.001
119,0.3025377407806729,0.21640712574801935,0.38755423696713076,0.001
120,0.3020585451377641,0.21523925020014326,0.38418775255319965,0.001
121,0.3011356030308872,0.2165983121164987,0.3879819595242736,0.001
122,0.30428189025559554,0.21892470351093168,0.39106015264801397,0.001
123,0.3039311869155376,0.2166727632326456,0.38920660869204954,0.001
124,0.3002278853993897,0.21667633421882165,0.3882547886357103,0.001
125,0.30073184977977646,0.2153491388906825,0.383115763476969,0.001
126,0.3000740896944606,0.21448121506568468,0.38285497981758343,0.001
127,0.2986199470288163,0.21570961019081933,0.38502029202353255,0.001
128,0.3014085112361733,0.21618159483470242,0.38583507949002904,0.001
129,0.2999904962307816,0.2155042260259404,0.3863334625854546,0.001
130,0.30053668831466535,0.21789553339257953,0.3897071623786897,0.001
131,0.2994170384396107,0.21537931203288851,0.3870007229941413,0.001
132,0.299306579822794,0.2157035032565278,0.3870432256995182,0.001
133,0.2979146135509561,0.215014082860986,0.3824737724686075,0.001
134,0.29988011840833434,0.21636627053063964,0.3897260088802196,0.001
135,0.2982954035658355,0.2152174038185374,0.38788567235596444,0.001
136,0.29665435153409975,0.21735048900894138,0.3907561451385726,0.001
137,0.2992491954510365,0.2152662288289835,0.38414273500420765,0.001
138,0.3010140794132828,0.21482938760733872,0.3810858597319916,0.001
139,0.3004077249163881,0.2169030971630053,0.39034588814084253,0.001
140,0.29895450666956946,0.21677954308622185,0.3881391692215658,0.001
141,0.2978080271854313,0.21589209767787196,0.3846437247281583,0.001
142,0.29807548033534936,0.21564064666400085,0.38560517991919363,0.001
143,0.2968009786868314,0.21509879653156078,0.38588638701879496,0.001
144,0.2978032734415947,0.21726273372120067,0.3878692759688457,0.001
145,0.29736781489411623,0.21614085182509626,0.3884127209720372,0.001
146,0.2969832718372345,0.21502733470390784,0.3842074093888582,0.001
147,0.2972089005719631,0.21560894419276175,0.38625312019419256,0.001
148,0.29731030461438207,0.21540853633777216,0.3858792957496778,0.001
149,0.29727298349415493,0.2147372967999893,0.3852250875169913,0.001
150,0.3008467944663599,0.21393090714123036,0.383517385929228,0.001
151,0.2972547350400085,0.21739627229735445,0.38963676877955417,0.001
152,0.297257581845336,0.21413959634937535,0.38244224093071755,0.001
153,0.29597660912833085,0.21454668143275005,0.3823682737761639,0.001
154,0.29768897866437194,0.21403633158782254,0.3816368350303225,0.001
155,0.2974945455789566,0.21538813523423628,0.3820486826518922,0.001
156,0.2981217450231587,0.21472379028736835,0.3816690714322774,0.001
157,0.29639455676078796,0.2143278314436765,0.3827795653400523,0.001
158,0.2961395635790781,0.21457438642340657,0.38465934389292816,0.001
159,0.29631741686698493,0.2143433277566703,0.38178052851479416,0.001
160,0.29567967669679485,0.21484292615685202,0.3846202084432101,0.001
161,0.2964787939819721,0.21527616807820965,0.3867702258382617,0.001
162,0.29572643667732906,0.2160208644873722,0.3858098207861458,0.001
163,0.29610590130910963,0.21664809881048425,0.3858904644080895,0.001
164,0.29602798012965315,0.21661326312068652,0.3873312776568201,0.001
165,0.29575427765146306,0.21743825939754133,0.39101226750877316,0.001
166,0.2961972786472478,0.21527488696955038,0.38699346482906943,0.001
167,0.2959824316545364,0.21687076019351031,0.3929849165032553,0.001
168,0.29623396311878064,0.2149906631061743,0.38625657129108026,0.001
169,0.2942476649896814,0.2151272606025619,0.38589064797790956,0.001
170,0.2953048214453076,0.215633662883636,0.3894609409812281,0.001
171,0.29544351092719157,0.21636241624605218,0.3895807313785342,0.001
172,0.29342501480644995,0.21585964876277114,0.3899400932897163,0.001
173,0.29636020835386506,0.21534367216990258,0.3862279443877345,0.001
174,0.29518203765427303,0.21528801339144682,0.38644523112319307,0.001
175,0.29410656288676307,0.21503389067902767,0.38748637181811363,0.001
176,0.2954856884588889,0.2159922232958762,0.39238569034174897,0.001
177,0.29397507326318584,0.21560971140030494,0.38737882239752564,0.001
178,0.2952856889011663,0.21468164515249483,0.38530966680037354,0.001
179,0.29486353476659966,0.2167977253596863,0.39210475269810463,0.001
180,0.29495877150548705,0.21680355743736623,0.39051596109609393,0.001
181,0.29540935869610635,0.21688348995568396,0.39259307059894705,0.001
182,0.29547333977091206,0.21596209818279194,0.39046556716931186,0.001
183,0.29675869903433216,0.21554890128880658,0.38874899917496797,0.001
184,0.2947313189506531,0.21610898990346497,0.3890037275471003,0.001
185,0.29265384731489585,0.21501078977256685,0.3860741890119927,0.001
186,0.29534776057672063,0.2155199888061796,0.390994337126037,0.001
187,0.29521324068581295,0.21626507458680305,0.39087978641228477,0.001
188,0.2959120586651181,0.21704325127877927,0.39079926155230693,0.001
189,0.29491256245779335,0.21559906068038762,0.3871704233042309,0.001
190,0.29513728987733157,0.21615155592235633,0.3908264553683811,0.001
191,0.29649698665929497,0.2151167267570031,0.385477349100847,0.001
192,0.2941086468620038,0.21503993395900284,0.3861231003804591,0.001
193,0.29391455910074604,0.21588272811904743,0.3861781242936034,0.001
194,0.2960204166283301,0.21555207388495304,0.3853828984172419,0.001
195,0.29308516607372037,0.21465085607350576,0.38202084138647824,0.001
196,0.294203861727627,0.21493215702924826,0.3862124452433354,0.001
197,0.2942592464729187,0.21485899583059517,0.3865016748317069,0.001
198,0.29600268493004894,0.21509255059595725,0.38746545177984987,0.001
199,0.2954796091952455,0.21347407112354375,0.3812790008227332,0.001
200,0.2960924178088477,0.21412012190377488,0.3837363068607971,0.001
201,0.29435566901613813,0.21631778895987422,0.3861297357923881,0.001
202,0.29489216071750046,0.21533158576725292,0.38962171652620814,0.001
203,0.29543925192924814,0.21479267380060627,0.387400235101322,0.001
204,0.2947117664398403,0.2154769052158244,0.3871356137787823,0.001
205,0.29386812093061043,0.21674840207331875,0.3901102041544164,0.001
206,0.2946240364684971,0.21632222106206186,0.39127825388606763,0.001
207,0.2925787014425348,0.2153870147819406,0.39169381647631013,0.001
208,0.2962719392065608,0.21786762710956664,0.39533021710885147,0.001
209,0.29426935807280585,0.21520799472482444,0.38788130867954684,0.001
210,0.29650122364726633,0.21782986814510058,0.39537121767198585,0.001
211,0.2945618641759277,0.2166672005060557,0.39424834735166153,0.001
212,0.29603492065307196,0.21483041325979582,0.3895604614637207,0.001
213,0.2960875157369386,0.21652527681077283,0.3937686202667186,0.001
214,0.295185267105015,0.21464262018022873,0.38971879538852294,0.001
215,0.29433305985337005,0.2150473109384769,0.38880227201764334,0.001
216,0.29511337146299693,0.2174571537184659,0.3931141913412664,0.001
217,0.2976625522068881,0.21600776124110002,0.3904283246752193,0.001
218,0.29465156328787495,0.21446574633273238,0.3865253915176412,0.001
219,0.2947248184899671,0.21546674270458904,0.3901373248257036,0.001
220,0.2943711239810384,0.2151184182629724,0.38763723003109063,0.001
221,0.29276680399518495,0.21520049169512254,0.3896556868528648,0.001
222,0.29352023391001814,0.21444901342715397,0.3861766220727106,0.001
223,0.29460697874016717,0.21499200676804564,0.3901429196940508,0.001
224,0.29379512984818273,0.21587852709146632,0.3899831953890945,0.001
225,0.2935278030163651,0.21600981978184258,0.38850719100361825,0.001
226,0.2925375689060316,0.21344361594133124,0.3826207437833372,0.001
227,0.2935977127027074,0.21470175713749645,0.3871229255964099,0.001
228,0.29288497047686796,0.21495453251769653,0.3890939238782167,0.001
229,0.2949043289510482,0.2176113842994301,0.3955454117461033,0.001
230,0.2935962361206702,0.21486085585795894,0.38563901638302517,0.001
231,0.2917386663889666,0.21496817776946175,0.3865809560730063,0.001
232,0.2921791248912111,0.2142715254256149,0.3859964836082749,0.001
233,0.2902953926849803,0.21812146175212233,0.3944793794869397,0.001
234,0.2919612358742898,0.21695226687153701,0.3930253468516529,0.001
235,0.2928008591636605,0.21451474500305978,0.38703282946578654,0.001
236,0.29254887875066987,0.2149670575793338,0.38641099039677573,0.001
237,0.2911526491062357,0.2151463197220997,0.38704825263398757,0.001
238,0.29144263486249733,0.21471772902268932,0.38578245936626415,0.001
239,0.29172353897619685,0.21497125435979825,0.3872693798640114,0.001
240,0.28999289856591354,0.21607719111181467,0.3898698124751232,0.001
241,0.29161681207495,0.21555281681576763,0.38828727538159724,0.001
242,0.2913381229026602,0.21564685437555442,0.3898932403571246,0.001
243,0.28984066447533596,0.21489910156296788,0.3904040338420328,0.001
244,0.29011402545718973,0.21533536465241124,0.39021869155858385,0.001
245,0.29164524991577917,0.21396725936627764,0.3858629412831735,0.001
246,0.2901113048332547,0.2139265942729105,0.38670904832497843,0.001
247,0.29073826107410117,0.21331108545239896,0.38445982520596894,0.001
248,0.2911340482191208,0.21369470353834327,0.38628262357657656,0.001
249,0.2915771197561824,0.21493165382457413,0.3888483563794201,0.001
250,0.29367018962672,0.21502823561697557,0.3911124372495627,0.001
251,0.29810243790302804,0.21479097505880856,0.39132208145589165,0.001
252,0.29328836938109965,0.21551826243190683,0.3948119251035285,0.001
253,0.2932711966814251,0.21572078933594305,0.39370141892630545,0.001
254,0.2939726747230652,0.21492101500707017,0.39084456177050775,0.001
255,0.29188872955807854,0.21561385364988878,0.39540160862310153,0.001
256,0.2919595432937692,0.21485850867058398,0.39301026408198714,0.001
257,0.29257085522927273,0.2164044626485717,0.39495555535315213,0.001
258,0.2915429310240877,0.2125621462785582,0.38441437397917577,0.001
259,0.2920466068140957,0.21459980924427655,0.3871954962360854,0.001
260,0.29108748455113226,0.215396351255202,0.39086232966170653,0.001
261,0.29144483203187993,0.21442443677873696,0.38935664217789134,0.001
262,0.29072152830045156,0.21512359822472732,0.3902970568383902,0.001
263,0.29218521495477867,0.21603432013946028,0.390509972189701,0.001
264,0.291404530679414,0.21535342417896083,0.3924217760471037,0.001
265,0.29001181128375025,0.21544838325819618,0.39409587326809586,0.001
266,0.2904446978087819,0.21579930745954531,0.39087734628646276,0.001
267,0.2907931929061172,0.21457701318641167,0.38945585513767766,0.001
268,0.2918322460913877,0.21480527913799177,0.3888947764207137,0.001
269,0.2893348127056699,0.2158896694806792,0.39221542013152383,0.001
270,0.29056714065031175,0.21512070394580607,0.39117403027242587,0.001
271,0.29048312216176897,0.21499156297057123,0.3897720702761063,0.001
272,0.2886651679189927,0.21468274394973888,0.38831934205618635,0.001
273,0.2898765980103694,0.21566951158940792,0.3884783799799002,0.001
274,0.289686187418229,0.2144531912791108,0.3866490788804341,0.001
275,0.28939878967923854,0.21482424455879529,0.38775749484705785,0.001
276,0.2904480307474049,0.21440497921673604,0.38767540201452927,0.001
277,0.28993694921699137,0.2139189778818972,0.3871809527715852,0.001
278,0.28886020593686934,0.2136998561297908,0.386974622260055,0.001
279,0.28960443527326674,0.2147904008591226,0.39065714264701196,0.001
280,0.28816062034270085,0.2148780515419529,0.38977509186365916,0.001
281,0.28967804085770876,0.21571142963462386,0.390525801193494,0.001
282,0.2905477417991796,0.21595514334574065,0.39067593417197616,0.001
283,0.2894108994018047,0.21496038032543816,0.39097257946198744,0.001
284,0.2883214667576169,0.21425752441228732,0.38785590478719406,0.001
285,0.2883947430127258,0.2149380812850898,0.38697538029172857,0.001
286,0.2882505674427802,0.21595339730889074,0.39387326403030853,0.001
287,0.28914341932043025,0.21600748066923264,0.3921446263596185,0.001
288,0.2892493516753573,0.2156681683470049,0.39195844503467825,0.001
289,0.286226305392904,0.21555821086366245,0.3916302865322989,0.001
290,0.28708201223010316,0.21440579586910655,0.3871709438119727,0.001
291,0.28703519674616124,0.2142631463887763,0.3876348960045349,0.001
292,0.2888100546434385,0.2129511899249543,0.3850653824027102,0.001
293,0.2895777222760227,0.2130865394506793,0.38633523237469697,0.001
294,0.28826220989774126,0.21304688768788757,0.3883094682178039,0.001
295,0.28853478453574927,0.21447082048360552,0.38753984018545595,0.001
296,0.2869818906445022,0.21521979924476825,0.3909471576373643,0.001
297,0.28681217585134944,0.21337574796087738,0.38756842107837125,0.001
298,0.2888114091453202,0.21349021887082653,0.38691811775485274,0.001
299,0.2881330969410205,0.2135729497146891,0.3854768572218175,0.001
