0,0.431904179141635,0,0,0.0012
1,0.3919243784177871,0,0,0.0012
2,0.3829783049367723,0,0,0.0012
3,0.38062498824937,0,0,0.0012
4,0.3783719770965122,0,0,0.0012
5,0.3776543303614571,0,0,0.0012
6,0.3766757444256828,0,0,0.0012
7,0.3763938302085513,0,0,0.0012
8,0.3758777331738245,0,0,0.0012
9,0.37402590300355637,0,0,0.0012
10,0.3743783665554864,0.14055833577471452,0.25141309901637426,0.0012
11,0.3721824715534846,0.1410774392397484,0.24543497864293692,0.0012
12,0.37109173876898627,0.13992812650395983,0.24683578465538336,0.0012
13,0.3714251373495374,0.13944058179232843,0.2458854050024816,0.0012
14,0.37030842502911887,0.13917287910780216,0.24555374160462434,0.0012
15,0.3703684131304423,0.13992339619853128,0.24550178433688652,0.0012
16,0.3702222070523671,0.13931959990780404,0.2473604795336703,0.0012
17,0.3698992202679316,0.1400934204614905,0.24835529390364275,0.0012
18,0.36895476891880946,0.13951515890834126,0.25212254319858607,0.0012
19,0.3687618474165599,0.1402595017660711,0.24647182495562597,0.0012
20,0.36777452131112415,0.14034551737036907,0.25713791492489857,0.0012
21,0.3689906236671266,0.14088674020663083,0.25067206978741546,0.0012
22,0.36893651811849504,0.1395267535675307,0.24894176028779508,0.0012
23,0.3672566960255305,0.13996736637660118,0.2493509732077268,0.0012
24,0.3672486908379055,0.1376525157259899,0.2461555206038382,0.0012
25,0.36642093601680936,0.1422997051781568,0.2528721444644675,0.0012
26,0.3656514712742397,0.13727689167282064,0.24557831544794062,0.0012
27,0.36764579699152994,0.14247555202691617,0.2540537669838167,0.0012
28,0.3681744540021533,0.14049272193109688,0.25199825777564727,0.0012
29,0.36644984724975765,0.14283939677446197,0.25658920066792557,0.0012
30,0.3669527945064363,0.13901904492111905,0.24667615864857384,0.0012
31,0.364640702520098,0.13989736010843845,0.25365729870880427,0.0012
32,0.36438721091974346,0.13922249929433686,0.25352939635479677,0.0012
33,0.363683928336416,0.1379702745124213,0.24635996033243868,0.0012
34,0.3643821439572743,0.14062333460615795,0.25049210639297353,0.0012
35,0.3637193088020597,0.1396000502006642,0.2540879659872046,0.0012
36,0.3622283460128875,0.13785735314248593,0.2505205370811045,0.0012
37,0.3625939339399338,0.13927575909538575,0.2508200535321577,0.0012
38,0.3637910608734403,0.13955659605738324,0.24934641080555892,0.0012
39,0.36314252189227514,0.13680740931027985,0.24782508129206604,0.0012
40,0.3610347651299976,0.1394144876466381,0.24911191599051788,0.0012
41,0.36172224254835217,0.13923375558772366,0.25020053550372,0.0012
42,0.3626404786393756,0.13661611274901725,0.24579140435601743,0.0012
43,0.36238641554401035,0.13777478733379728,0.24796950686177582,0.0012
44,0.3609076447430111,0.13702231006518886,0.24369548711852182,0.0012
45,0.3601266533136368,0.13830911720606867,0.2495170812095422,0.0012
46,0.36091082436697824,0.13812647071331421,0.24925524835042942,0.0012
47,0.3616430232922236,0.13743320449676766,0.2503190484087693,0.0012
48,0.3599596242109934,0.13691626770434848,0.24477596875907412,0.0012
49,0.3589241466351918,0.13882123441405692,0.25196564421539774,0.0012
50,0.35965882553940726,0.13721189133273987,0.24688786250634812,0.0012
51,0.3589825896989732,0.13778975875438498,0.24911686887382578,0.0012
52,0.3612806017909731,0.13667527929627768,0.2456131541404982,0.0012
53,0.36083832737945376,0.1387003324064915,0.24638176880311158,0.0012
54,0.362051294531141,0.13638907942488848,0.24827263632413457,0.0012
55,0.3595021067630677,0.13724583462215242,0.24772117116127262,0.0012
56,0.35872699320316315,0.13670990430118662,0.24682739704937487,0.0012
57,0.3581081539392471,0.1332348622387133,0.23891013468642894,0.0012
58,0.3593104139679954,0.13567989584520432,0.24144106621957342,0.0012
59,0.35890458751292453,0.13606804317772353,0.24374137166301058,0.0012
60,0.3576988041400909,0.13515584884501833,0.24434723594436542,0.0012
61,0.35793286320709045,0.1350334028279589,0.23934861316361636,0.0012
62,0.3588438922450656,0.1341229593766425,0.239221534727643,0.0012
63,0.37020555734634397,0.1439871385338641,0.2590498016702791,0.0012
64,0.3753608077764511,0.1395677382600715,0.25472922128402103,0.0012
65,0.36393528651623497,0.1386841519747183,0.2517764336553562,0.0012
66,0.3596630576111022,0.13573377987189114,0.24204502646591283,0.0012
67,0.35973814612343197,0.13496422597358182,0.2427224905135058,0.0012
68,0.35876980551651544,0.13435775959681867,0.24026793067424712,0.0012
69,0.36132168826602756,0.13391718826180496,0.23913713293438693,0.0012
70,0.36383016052700223,0.13401045021491936,0.2413765069135543,0.0012
71,0.35950401184104736,0.13455291412091,0.23726643635250044,0.0012
72,0.3581386385929017,0.13319796817590043,0.23762707185071197,0.0012
73,0.3585316965977351,0.1345365283258794,0.23736323381053248,0.0012
74,0.3594976896331424,0.13417101400172124,0.23656108072563387,0.0012
75,0.3564404559986932,0.1335090672848596,0.2393467841294284,0.0012
76,0.35612928015845163,0.13313267918769925,0.23760993686910067,0.0012
77,0.3572522244283131,0.13273890585021286,0.23859103841267468,0.0012
78,0.35586511095364887,0.1329169915437195,0.23465126232203842,0.0012
79,0.3555103259427207,0.13304033094348167,0.23679542509451076,0.0012
80,0.35576189997650326,0.13245209597748064,0.23970369298361513,0.0012
81,0.3547303834131786,0.13272905679218155,0.23781588489828592,0.0012
82,0.354863589150565,0.1322891330532145,0.23711303985946294,0.0012
83,0.3541188072590601,0.13260127556000154,0.2372215599145003,0.0012
84,0.3551058334963662,0.1319474823005648,0.23510767674603178,0.0012
85,0.3544818920748574,0.13448819883246596,0.24244675413354155,0.0012
86,0.3537504492771058,0.13155598595479834,0.23454354755605805,0.0012
87,0.35325240478629155,0.13298942903482988,0.23493198884326477,0.0012
88,0.35332003689947583,0.13111773806945254,0.23585075888018295,0.0012
89,0.3532567675624575,0.1297540956249268,0.2319406114300108,0.0012
90,0.3529263932080496,0.13181029022908977,0.23522330862522203,0.0012
91,0.35233859164374215,0.13251819905063453,0.23918216903201495,0.0012
92,0.3525997695468721,0.13216182908923185,0.23851036091966754,0.0012
93,0.3519850082340695,0.13210178101284775,0.23940124608536026,0.0012
94,0.3513357503073556,0.1312274185900497,0.23445944996874446,0.0012
95,0.3516037617410932,0.1332247086783996,0.239378311107108,0.0012
96,0.35250188750880107,0.13144386057963764,0.2378626306187629,0.0012
97,0.35182527757826304,0.13200684814959338,0.2383822318255507,0.0012
98,0.3509960002842404,0.13225049340271347,0.2380212483170342,0.0012
99,0.35249927781877066,0.13056279153650022,0.2352169463244247,0.0012
100,0.3510695612146741,0.13297378319947287,0.24215396589518914,0.0012
101,0.3513658299332573,0.13119965050347474,0.23862471689577242,0.0012
102,0.35102721154689787,0.13198341362376742,0.23590624223746992,0.0012
103,0.35224399055753436,0.13091535345480607,0.23233746933755473,0.0012
104,0.350399183233579,0.13125965988061714,0.23514440642119783,0.0012
105,0.35392170676163265,0.13209892745226576,0.23916080943482887,0.0012
106,0.35141573761190686,0.13293242926794394,0.24238930810643275,0.0012
107,0.3504133342277436,0.13151977480630975,0.23810019780067485,0.0012
108,0.35128343403339385,0.1312438670204697,0.23671794972465524,0.0012
109,0.35419143920853025,0.13385286305040223,0.24227847106731967,0.0012
110,0.35324384371439616,0.13052772569967955,0.2317443368507619,0.0012
111,0.35256679611546654,0.13198389952621956,0.23689608719647368,0.0012
112,0.35123576578639804,0.13215351889516364,0.23690265413314943,0.0012
113,0.3513460340954009,0.13087741020207555,0.2345282507008687,0.0012
114,0.3505552540222804,0.13103532730019019,0.23573403366996468,0.0012
115,0.35030460613114495,0.13205128147932554,0.23939031608869435,0.0012
116,0.35052329032194046,0.13017906472689653,0.233312345731629,0.0012
117,0.3497229229836237,0.13012203365578587,0.23462571694321893,0.0012
118,0.3506569601240612,0.1302856719646596,0.23513351008600245,0.0012
119,0.3500930999006544,0.1317070817626661,0.23954900644401722,0.0012
120,0.34938126646337053,0.13209609072915404,0.2363818366279209,0.0012
121,0.35018907771224067,0.13118927414975437,0.2359778423673974,0.0012
122,0.3492349231526965,0.1297878699738976,0.23127786031413902,0.0012
123,0.3488227597304753,0.1304007098719582,0.23421524852721573,0.0012
124,0.3475255181392034,0.13097801055782388,0.23628161414557114,0.0012
125,0.34764507441293624,0.12974763359241562,0.2326074666590503,0.0012
126,0.34822764907564435,0.12959830298452138,0.23188454742245987,0.0012
127,0.34740585940224783,0.1303884550492343,0.23530854423694467,0.0012
128,0.34926916644686745,0.1335188519294646,0.2418151765701139,0.0012
129,0.34893829354218076,0.13136777525732757,0.2358981071531052,0.0012
130,0.3477845210404623,0.12927333970048968,0.23112366071418064,0.0012
131,0.3465002255780356,0.13208707990774282,0.2385369552190035,0.0012
132,0.346627229594049,0.12796325514758652,0.23080759894319422,0.0012
133,0.34669476435298013,0.1306235050970594,0.2353439254327936,0.0012
134,0.34758009513219196,0.12787015942744864,0.22925065777602965,0.0012
135,0.3481780872458503,0.12802264777492783,0.22720193157642415,0.0012
136,0.3470635032369977,0.13117786621137528,0.23660041296184103,0.0012
137,0.34700945005530404,0.1312586860148065,0.23527433250442922,0.0012
138,0.34722389919417246,0.12884814569032702,0.22992801538387073,0.0012
139,0.34553788942950114,0.12871279620383888,0.22997984273368813,0.0012
140,0.34720177011830466,0.13038648630445016,0.23466135219628892,0.0012
141,0.34737363911810376,0.13104709938590636,0.2356970388652571,0.0012
142,0.3455181878237497,0.1302799829202037,0.23572632923420894,0.0012
143,0.3461095310392834,0.1304244026306982,0.23653508404873183,0.0012
144,0.34623541973886035,0.12964914099160602,0.23372899383596224,0.0012
145,0.34566478516374316,0.1302529711189135,0.23691536576315708,0.0012
146,0.34585357081322443,0.1286398671394164,0.22995650478762794,0.0012
147,0.34616286953290304,0.1301504583767615,0.23429609743913996,0.0012
148,0.34575334858326684,0.12921474562721852,0.23149716140012844,0.0012
149,0.34554554167247953,0.12834970697378917,0.22847281235424768,0.0012
150,0.3457815461215519,0.1282701120895853,0.22931746043923462,0.0012
151,0.3453119302079791,0.1304965641085259,0.23380264610329346,0.0012
152,0.3467601564668474,0.12929476197350828,0.23127286443466707,0.0012
153,0.3461850671541123,0.13024505834302366,0.23401845132636034,0.0012
154,0.34547807361398425,0.1306018771375039,0.23656605003557774,0.0012
155,0.3453223807471139,0.12881989113556092,0.2312037958251262,0.0012
156,0.3452236785775139,0.1301445043239935,0.2319602916713844,0.0012
157,0.34450302237556096,0.1287299317377458,0.22969630356020196,0.0012
158,0.343458911492711,0.13005919678246544,0.2335549190773397,0.0012
159,0.3454635087932859,0.12994266696754084,0.2336201850519851,0.0012
160,0.3457479912610281,0.12925562744955096,0.2306599619156393,0.0012
161,0.3435904065767924,0.12828386275316828,0.2316678108313588,0.0012
162,0.344320532537642,0.13175496719137353,0.23902754937084886,0.0012
163,0.3443514095885413,0.1296677586000563,0.23306482542266493,0.0012
164,0.34402002223900385,0.12811804586422085,0.229108894735695,0.0012
165,0.3446363030445008,0.1281801881986275,0.23078084708554664,0.0012
166,0.344062452798798,0.12842828562910721,0.23140201545546807,0.0012
167,0.34443288629963287,0.12954054439999516,0.23670459965818574,0.0012
168,0.34929546344847906,0.13193468571539738,0.23864296541337598,0.0012
169,0.3460767457882563,0.13013297267735283,0.23486226058204954,0.0012
170,0.3440917480559576,0.12836745346540743,0.2304043353345896,0.0012
171,0.3439460206599463,0.12852058596061938,0.22947955535124642,0.0012
172,0.3442939514205569,0.12927186463033394,0.23064417185727146,0.0012
173,0.34413363947754816,0.12964094534621556,0.23299339820682188,0.0012
174,0.34377904548531485,0.12879350132389258,0.23209658098484154,0.0012
175,0.3443537773120971,0.13099168271838543,0.23731111001347893,0.0012
176,0.34367072880268096,0.1278442802895187,0.22859046986192852,0.0012
177,0.3425973035040356,0.12885443585941161,0.23159340229221395,0.0012
178,0.34270004317874,0.12855742001468823,0.233559185294936,0.0012
179,0.3437175386008762,0.13040602092194145,0.2319793368101153,0.0012
180,0.3476885585557847,0.12879141739734182,0.23134813677644553,0.0012
181,0.3425481413091932,0.12917840610985656,0.23126532543715903,0.0012
182,0.34308046329589115,0.1278116437359691,0.22872563072812968,0.0012
183,0.34200481658890136,0.12813023050836866,0.22804156119278907,0.0012
184,0.34166819893178485,0.1300199255921294,0.23431759184384782,0.0012
185,0.3425023125750678,0.12956951829190125,0.23299858162877243,0.0012
186,0.34161737674758547,0.12787570555545685,0.2312482505855215,0.0012
187,0.3415585807391575,0.1297307223605527,0.23371989153995665,0.0012
188,0.3434259498403186,0.13107992438442326,0.23675501029652157,0.0012
189,0.34185855303491863,0.1286087073128296,0.23224538101014133,0.0012
190,0.3428352475166321,0.12925769925312314,0.23331100185904372,0.0012
191,0.34171494387444995,0.1289011670593269,0.23209292453286273,0.0012
192,0.34334562903358823,0.12809038960538846,0.2300862462783055,0.0012
193,0.342133978718803,0.12758227723684962,0.2273379716414417,0.0012
194,0.3413342832099824,0.12830246858885935,0.23155798723284488,0.0012
195,0.3413270520312445,0.12860862493045505,0.22970491863369852,0.0012
196,0.3420387178659439,0.1298002796474681,0.23487788095912723,0.0012
197,0.34140323145048956,0.12702488711551146,0.22907330611568263,0.0012
198,0.3416661175943556,0.12708947290360414,0.227395686192526,0.0012
199,0.3426936856337956,0.12827980974508393,0.2294891769956543,0.0012
200,0.34048595073677246,0.12798542495040538,0.22643404215079924,0.0012
201,0.340965006181172,0.12867424002678046,0.2302896555537269,0.0012
202,0.34229740245001655,0.12727755585182046,0.22689868411707392,0.0012
203,0.34151378912585123,0.1269369464226223,0.22699361407066596,0.0012
204,0.34113933259532564,0.12739197897593446,0.2263152816137075,0.0012
205,0.34179456602959407,0.12627121247377707,0.2262772721561029,0.0012
206,0.3412120779355367,0.12866370371709251,0.23070112302439472,0.0012
207,0.34123763754254294,0.12960988927885558,0.23146296942806807,0.0012
208,0.34082380930582684,0.12836040724002767,0.22813267652994182,0.0012
209,0.3398415105683463,0.12883241459002057,0.23152632888248742,0.0012
210,0.34049882690111793,0.13024198031875794,0.22919314188015433,0.0012
211,0.34079252623376394,0.12974857193789896,0.2333819217686432,0.0012
212,0.34005397402104875,0.12990293756902377,0.23325515598428734,0.0012
213,0.34044239549409777,0.13010268831840038,0.23582454873783312,0.0012
214,0.3400393413645881,0.12825067516983152,0.23055985260129455,0.0012
215,0.339522419657026,0.12813562407542622,0.2270409815383043,0.0012
216,0.3400533910308565,0.12801212222775085,0.2289850611765777,0.0012
217,0.34060426893688384,0.13002558315725088,0.23340058020456242,0.0012
218,0.33831709183397746,0.12938118765776224,0.2350467872676778,0.0012
219,0.3393946661835625,0.12821797517269393,0.22978818430181217,0.0012
220,0.3392360326789674,0.12997776150888082,0.23376332534350605,0.0012
221,0.3402977819953646,0.127347920205831,0.22846568772014741,0.0012
222,0.3394588372537068,0.12872794218184838,0.2282645771231041,0.0012
223,0.34056550619148074,0.12903959403128168,0.2316933051724385,0.0012
224,0.3390597999095917,0.12780456402422846,0.22770664942261692,0.0012
225,0.3395563799710501,0.1297401200666209,0.23210969279437202,0.0012
226,0.34063554193292345,0.12810941209438392,0.2282551821379857,0.0012
227,0.3405881859007336,0.12647276322954573,0.2241153912463398,0.0012
228,0.3394651657059079,0.12776523360640699,0.22568569217835668,0.0012
229,0.33796916149911427,0.12929712560411524,0.22993549356443627,0.0012
230,0.33886049432413917,0.12744360686242454,0.22630702800702224,0.0012
231,0.3391322226751418,0.1285311444418882,0.2281897546650607,0.0012
232,0.3390490590106873,0.13097004188153272,0.23525396654697733,0.0012
233,0.33889393735499607,0.1289976285224225,0.22936251528706952,0.0012
234,0.3407565639132545,0.12971789611449766,0.23359498178362106,0.0012
235,0.33869117938336873,0.12966586598757773,0.23247402507367104,0.0012
236,0.3379389674890609,0.13000521016843974,0.23688258745162868,0.0012
237,0.33891795646576656,0.13027223330613577,0.23411235028123922,0.0012
238,0.33716417380741665,0.12924673703625714,0.23220007089278752,0.0012
239,0.33880379228364854,0.1298181733928664,0.23402959032317694,0.0012
240,0.3385299073798316,0.1277980051291183,0.22668752247972151,0.0012
241,0.3389259900365557,0.12812114859242293,0.226742742970423,0.0012
242,0.33924470401945567,0.12783684118534255,0.2279488944376578,0.0012
243,0.3396414684397834,0.13021057129761113,0.2311509374563907,0.0012
244,0.3396349120707739,0.12814440579948194,0.22786599557046597,0.0012
245,0.33840679058006834,0.12746418481039382,0.22934108028495667,0.0012
246,0.34177672139235904,0.1272637719982161,0.22721288387937066,0.0012
247,0.33918972654002055,0.12783439538788066,0.22879047524742482,0.0012
248,0.3383947924489067,0.12738867586836616,0.2268573167964529,0.0012
249,0.3399165360700516,0.12986578909877003,0.23102187804489785,0.0012
250,0.33809582662014737,0.12709977176455134,0.2285139888389809,0.0012
251,0.33825821507544745,0.12902382133568865,0.23041137429964126,0.0012
252,0.34067332389808835,0.1283944716245264,0.22761580998425165,0.0012
253,0.3378461237464632,0.1286513245799581,0.22922158590356173,0.0012
254,0.3366169696762448,0.12878221504633872,0.2327131170434186,0.0012
255,0.3366178776536669,0.12892505389348427,0.23002148831707744,0.0012
256,0.3381810438065302,0.12758212384076043,0.22549643292435123,0.0012
257,0.3381762330021177,0.1282027623162525,0.2281345983049159,0.0012
258,0.3377003421386083,0.12861850191174706,0.2282108916843601,0.0012
259,0.3368836729299454,0.12854577984044915,0.23165157278852258,0.0012
260,0.3387811076073419,0.12851164107474172,0.22842713990126914,0.0012
261,0.33770353141285125,0.1279701415382285,0.22637729630652315,0.0012
262,0.33823069844927106,0.1284155024061562,0.22773214489517463,0.0012
263,0.3378819708313261,0.12972422632982156,0.22936262433326182,0.0012
264,0.3379622487794785,0.12694280506754874,0.22613478573763654,0.0012
265,0.33649833046254657,0.129413526753827,0.23173453663487956,0.0012
266,0.33709767418248315,0.1287155540198299,0.22788303043647917,0.0012
267,0.3368209088132495,0.12742868459378007,0.22625104401112991,0.0012
268,0.3370172939130238,0.12834628661007788,0.22879551497166928,0.0012
269,0.3360952370223545,0.12768041071462327,0.22633196174116255,0.0012
270,0.33580025022938137,0.1294449700156534,0.23223858915180304,0.0012
271,0.3364225936787469,0.1299628849169257,0.23214622668343407,0.0012
272,0.3366351534922918,0.1285231660402742,0.22784874053095686,0.0012
273,0.33663627150512876,0.12758087207587043,0.2266923984629353,0.0012
274,0.33645823001861574,0.12820952683054965,0.23007795937383907,0.0012
275,0.3367684656665439,0.12721723360754042,0.22917439927035385,0.0012
276,0.3374757092623484,0.1274987976249743,0.22671722422174642,0.0012
277,0.33647332333383106,0.1278855975827123,0.22987997056500933,0.0012
278,0.336026666136015,0.12938888582999097,0.2305166569132494,0.0012
279,0.334995185477393,0.12699087919715304,0.22667205178101932,0.0012
280,0.33643155623049964,0.12851992141934263,0.22549061666271397,0.0012
281,0.3363953261148362,0.12821285712052996,0.23035281887855782,0.0012
282,0.33627810804616837,0.12626673058164992,0.22139728900593922,0.0012
283,0.3365893897556123,0.1285814772709847,0.2284773508741478,0.0012
284,0.33678719869681767,0.12806796577228813,0.2271728963153515,0.0012
285,0.33630107045173646,0.12884386408327628,0.2293156122507405,0.0012
286,0.33617987533410393,0.12781961654754295,0.22754578697301728,0.0012
287,0.33536129764148165,0.1289627213619217,0.23273951244508603,0.0012
288,0.3356263313974653,0.1283941786794836,0.22736105763159714,0.0012
289,0.3356875348658789,0.12746286818756833,0.2268104936101428,0.0012
290,0.3358050791990189,0.12880147670823192,0.23146607030414362,0.0012
291,0.3358884839784531,0.12909536656210432,0.23213552605352283,0.0012
292,0.33604909621533896,0.1277445026799178,0.22353050088981255,0.0012
293,0.3362595705758958,0.127400385264813,0.2247190217476619,0.0012
294,0.33555493752161664,0.12864815890655715,0.22904023786291658,0.0012
295,0.33633603098846615,0.1283060032183789,0.23092812066620377,0.0012
296,0.33460640850521267,0.12772651755420084,0.22959984239359568,0.0012
297,0.3345043957233429,0.12986693234953162,0.23332050356678352,0.0012
298,0.33576916867778417,0.1287940877123673,0.22968158218280568,0.0012
299,0.3353626637231736,0.12757506652959025,0.2277675748456024,0.0012
