0,0.40522458903286435,0,0,0.001
1,0.3548573006730561,0,0,0.001
2,0.34910822816945,0,0,0.001
3,0.345168356501728,0,0,0.001
4,0.3419619886153335,0,0,0.001
5,0.34192133209574116,0,0,0.001
6,0.3429879851024085,0,0,0.001
7,0.3408828035953942,0,0,0.001
8,0.3371184326093131,0,0,0.001
9,0.3373209719264179,0,0,0.001
10,0.3392767017587609,0.2317482751060372,0.40341880312634265,0.001
11,0.34412663819593026,0.22878076839553546,0.3903348428061146,0.001
12,0.33967194371267195,0.23154008307270937,0.40432027330007253,0.001
13,0.3393260471591162,0.22845457693724902,0.3938936914030397,0.001
14,0.337991008517939,0.22320941161216523,0.3831501368078065,0.001
15,0.33431801172571446,0.22485541297731695,0.3925538984981852,0.001
16,0.3351546454867092,0.22406226734888254,0.39127559047201976,0.001
17,0.3317016814279994,0.2245812105265227,0.3865668070398034,0.001
18,0.330511614953706,0.2222269033061727,0.38292861380943016,0.001
19,0.3290210291059739,0.22439416834766815,0.38123549682027846,0.001
20,0.3277205127641695,0.22492977485158042,0.3876356831368226,0.001
21,0.32599887251853943,0.22247438829958466,0.38528131477985605,0.001
22,0.3274301056741574,0.22338312953738051,0.3884150908631337,0.001
23,0.3257433910162077,0.22436215085572653,0.388579596005744,0.001
24,0.32698773421825617,0.22366375446750425,0.3904900824704789,0.001
25,0.32716151675499905,0.22441845981006633,0.3858053369320568,0.001
26,0.3275491413446741,0.22275370548481127,0.391443237537155,0.001
27,0.32800637718734393,0.2231149526440252,0.3853655665633536,0.001
28,0.3244129804843063,0.22052184903471633,0.3796309839653974,0.001
29,0.32621265879464806,0.21976668883120312,0.37865744572746346,0.001
30,0.3256369587204872,0.22124765201432448,0.38348457412161596,0.001
31,0.32574156938342874,0.22145918343488646,0.3835469472768894,0.001
32,0.3254633995644543,0.22018062204937716,0.38299327427297614,0.001
33,0.3260243530940572,0.2191807301900203,0.3789898308974229,0.001
34,0.3238520760328398,0.21987380834924525,0.38394520239483926,0.001
35,0.3248027466032483,0.21918120759739323,0.3816951970198612,0.001
36,0.32350265432935243,0.22054499823246662,0.383699809342427,0.001
37,0.32683977347995163,0.21882933371978508,0.37941696577946044,0.001
38,0.32360943577705176,0.21795446905749088,0.38097895477203164,0.001
39,0.32286564691351094,0.2177297602496325,0.3858292966474445,0.001
40,0.3231135016187615,0.21805623705123836,0.3810402276094888,0.001
41,0.3219376630192503,0.21851454487836575,0.3840580570933385,0.001
42,0.3237463583093171,0.21915019363095523,0.38518541771707715,0.001
43,0.33263428686955654,0.22038117268089358,0.3849061292131019,0.001
44,0.3294657914463533,0.21987672187127533,0.3843670041567564,0.001
45,0.3264500733909257,0.21855300099916686,0.3848048535703243,0.001
46,0.32505878573710767,0.21898520164287277,0.38083966916545087,0.001
47,0.3234898360497361,0.22049408925101152,0.3886072941275964,0.001
48,0.3225486884149936,0.21868555891084004,0.38332933901896954,0.001
49,0.32076093390447286,0.22081458501125306,0.3878127021727216,0.001
50,0.3204677178772218,0.21922866687144807,0.3871524647646843,0.001
51,0.3215893493332994,0.22045354727159405,0.39029995793367045,0.001
52,0.321985588844763,0.21709479370981946,0.3835782543467988,0.001
53,0.3210783960348969,0.21980054810363692,0.3871869541833772,0.001
54,0.3210542176021348,0.2187897903371185,0.38471113637949644,0.001
55,0.31902726268002746,0.21751209725101567,0.38075585499227,0.001
56,0.31981992817253146,0.22048389921216818,0.38730849502194986,0.001
57,0.3208466057383686,0.21834875873190107,0.38536907892883165,0.001
58,0.31865133194748413,0.21808079125810068,0.3860762482343705,0.001
59,0.3196685022990638,0.22053803421954601,0.3871715682954224,0.001
60,0.3201047551194462,0.21797640939999868,0.3821557699232673,0.001
61,0.32049642202504186,0.22155786854627277,0.39027029953152836,0.001
62,0.32213398868884513,0.21929285931324902,0.3828782670728332,0.001
63,0.32104588142775614,0.2203312542214244,0.38723146915689766,0.001
64,0.32005522010523246,0.21850202364437685,0.3872503293435812,0.001
65,0.3204017960970555,0.2181897648260831,0.386943060363146,0.001
66,0.319346691900437,0.217963843440201,0.3881733758137493,0.001
67,0.3195486286091148,0.219791345912669,0.388212851504702,0.001
68,0.3194548599763748,0.21896970291793616,0.3881894874867511,0.001
69,0.3189168510907287,0.2178959994218745,0.3838845010305238,0.001
70,0.31926010494385293,0.21849128441664564,0.3854858217839831,0.001
71,0.3170170420353566,0.21816962111879037,0.3883597515622522,0.001
72,0.3184188829922895,0.22175690636532092,0.39308022998074493,0.001
73,0.3189391306507478,0.2174210988440185,0.3868849830877241,0.001
74,0.3170999437570572,0.21831752475433328,0.3890085969450016,0.001
75,0.318805944345413,0.21981688261918575,0.3917461824022779,0.001
76,0.31817362313970515,0.22214128520948312,0.3931330705613246,0.001
77,0.31929793776175297,0.2238839877057711,0.39965903854107704,0.001
78,0.3182126382075319,0.2172519454156769,0.38428515356717813,0.001
79,0.3161340027774146,0.21776218861078603,0.3866990251296601,0.001
80,0.3150132204141092,0.21901622373650934,0.3889298876487458,0.001
81,0.31518372592576055,0.2199488920236071,0.3938132330812229,0.001
82,0.31618133105269264,0.22074728215948294,0.39615288769577134,0.001
83,0.31475923558987606,0.22170717126593775,0.3962582967268632,0.001
84,0.3142961353883831,0.22056296930363586,0.39090712069781,0.001
85,0.31685914864780707,0.22072233464864435,0.3905694071267486,0.001
86,0.3141720662696646,0.22005302996088547,0.38917055035700215,0.001
87,0.31248084544588667,0.21866146742995973,0.38746198888541583,0.001
88,0.3134081534562855,0.2194015747509188,0.3885732857341905,0.001
89,0.3149933199816888,0.2198590443230576,0.38632319054056,0.001
90,0.31335903786191155,0.21689703002576988,0.38188040213717206,0.001
91,0.3109038915109197,0.21948582606254632,0.3932082678067036,0.001
92,0.3145148616044893,0.21673627860015698,0.3832879706869925,0.001
93,0.3121022103576485,0.2202045184250587,0.38911416941143456,0.001
94,0.3120628446340561,0.21895494245722918,0.38757792439515026,0.001
95,0.3118546963284869,0.21856433162478486,0.38644070967425664,0.001
96,0.3101492135896595,0.2177397060006175,0.38738975620611604,0.001
97,0.31057849840833507,0.22013644516729952,0.39211106171125326,0.001
98,0.31063124017977933,0.21868942577947686,0.38558588841421815,0.001
99,0.3107547954134985,0.21937090432902856,0.3905485691994069,0.001
100,0.31105570850569175,0.21738341485951326,0.3866524765737624,0.001
101,0.30987379980196644,0.21934805547058986,0.3907708083874927,0.001
102,0.3106351944558117,0.21932694714347947,0.38894249749541093,0.001
103,0.3103999740213429,0.21741770780974842,0.3865492445832105,0.001
104,0.309868386715924,0.21960486844302987,0.39063280147762797,0.001
105,0.3086970838111475,0.21832992963829903,0.38541582662731055,0.001
106,0.3098107011766609,0.21649482278209817,0.38235204648720855,0.001
107,0.30815995532438295,0.22009463681304725,0.3897339291235886,0.001
108,0.3095762811669516,0.21660931130971645,0.38417445954995466,0.001
109,0.3071169959842612,0.21817879520538136,0.39049809850992373,0.001
110,0.3088557973093943,0.21690137886349753,0.38774268924107935,0.001
111,0.3077754569709848,0.22062550458343558,0.39160114313237704,0.001
112,0.30834088194260906,0.21881893892797177,0.3905938378001837,0.001
113,0.3079008989104437,0.22069053664349714,0.39671252899969667,0.001
114,0.3090202184992099,0.21980173981311213,0.39286122080352964,0.001
115,0.30790197288771287,0.21670907445466533,0.3837193869772249,0.001
116,0.30704307829568145,0.21659149355421534,0.3862102870788695,0.001
117,0.30816795560744925,0.215491091634146,0.3841024849223172,0.001
118,0.30583111846118893,0.21822418262057472,0.3926397668601242,0.001
119,0.3090014022971512,0.21438424190934788,0.3800564328994214,0.001
120,0.30677712059349094,0.21763377850665183,0.3851524006321598,0.001
121,0.306512182595533,0.21442858338030454,0.3823011745238512,0.001
122,0.30625947489650973,0.21669816481793225,0.3856490002531892,0.001
123,0.30715092428780477,0.2168194953456258,0.38467553169942864,0.001
124,0.30396795737634014,0.2178661062747669,0.3876692001231009,0.001
125,0.3056972624238478,0.21485295239331942,0.38265193507999246,0.001
126,0.3074777686814649,0.2152447119921705,0.37959110747247243,0.001
127,0.3064454822638713,0.2166541641125458,0.3858570933967838,0.001
128,0.30483295324198695,0.2168333305116694,0.3873502279767572,0.001
129,0.30643023167728284,0.2161712231136463,0.3841150359385515,0.001
130,0.3057341345953285,0.21536278178293847,0.3838135331268354,0.001
131,0.3027026795466012,0.21813382185784577,0.392901606478552,0.001
132,0.30227175970143133,0.2190754569617547,0.39545210982890444,0.001
133,0.30448774542283574,0.2167044421087921,0.3827876107947125,0.001
134,0.30379860431229305,0.21765982345146245,0.3886093273953724,0.001
135,0.3052367777179141,0.21669383176269985,0.39016484142264396,0.001
136,0.3037582002921936,0.21599602283984892,0.38790267592346495,0.001
137,0.3054961553954203,0.2178012157328272,0.389527664285066,0.001
138,0.30335729576032094,0.21646896502502191,0.38602435680571406,0.001
139,0.3033566990303337,0.2181454936685023,0.3926812317746801,0.001
140,0.30388415734702295,0.21620836561699394,0.38558298519537954,0.001
141,0.30162303081346215,0.21588818875753682,0.3886582146968444,0.001
142,0.30460658409726726,0.21657179034108406,0.38844249876534764,0.001
143,0.30521223044723544,0.2142571361943643,0.3847803348085436,0.001
144,0.3035501590289107,0.2159402186631894,0.39019301412045804,0.001
145,0.30341851957347415,0.21328911417410312,0.3815008274113004,0.001
146,0.30168197625273957,0.2132316699287761,0.38308067112501093,0.001
147,0.2994171875879305,0.21335942068115693,0.38189024317837583,0.001
148,0.3005873939586342,0.21372438794753196,0.38379615510521603,0.001
149,0.30108657957763846,0.2121650833942684,0.37903083507847146,0.001
150,0.30112829407967556,0.21516364350122952,0.38894022434419395,0.001
151,0.29998910522789035,0.21239397367199783,0.3796083320473399,0.001
152,0.30011483179319887,0.2119031337177432,0.3808202999539706,0.001
153,0.3000038331801738,0.2138363249018401,0.3831396275535815,0.001
154,0.2995566270493586,0.21337725589702652,0.38421134056722916,0.001
155,0.300261192228816,0.21611624450305894,0.39106865600477037,0.001
156,0.2993183356086048,0.2115897531363153,0.37994365716583195,0.001
157,0.30020375317389814,0.2125953396974798,0.38322572950693673,0.001
158,0.2983181379530408,0.21059727417340676,0.3786873064181991,0.001
159,0.29782497732464325,0.210883893200846,0.3803806577852702,0.001
160,0.29808996180328756,0.21088173812995809,0.3785293940590505,0.001
161,0.2973796382136301,0.21213559555841757,0.3832403919693537,0.001
162,0.29542710720945936,0.2114445714830844,0.3806754588041969,0.001
163,0.2987096748494227,0.2116409301055884,0.3801752980544981,0.001
164,0.2988265497148584,0.21570241725306727,0.39089988109421087,0.001
165,0.2981879255913813,0.21257936555764476,0.3847381817037881,0.001
166,0.2960584061134846,0.21326331414635333,0.38710648988413693,0.001
167,0.29537951905246174,0.21255343056596546,0.38236544614027185,0.001
168,0.29610562256169976,0.21511272046758598,0.3905828630934328,0.001
169,0.2978373806957805,0.21182842714539407,0.3821508127516216,0.001
170,0.29626715278953586,0.21269343377801408,0.3843754540313031,0.001
171,0.297469908627895,0.21383166838410536,0.3855664987536576,0.001
172,0.2967790309168877,0.21366292173515963,0.385852227459496,0.001
173,0.29596655672296474,0.2133530134075538,0.38724452337780596,0.001
174,0.2962951103755094,0.2134423162187656,0.38820971791910974,0.001
175,0.2983568179498025,0.21266196841123852,0.384424909030702,0.001
176,0.2974768712979938,0.21156206167351185,0.3844548103049968,0.001
177,0.29545914443261034,0.21159378291595793,0.37943240420582136,0.001
178,0.2953880418331251,0.2145662762133226,0.38874969271338855,0.001
179,0.29625722588202275,0.2151080544593807,0.3892671472502263,0.001
180,0.2959273454793003,0.21204800648499564,0.38451075615705765,0.001
181,0.297958895974203,0.21087671651749104,0.38033370716899534,0.001
182,0.29596813597263544,0.21286090545302463,0.38628882208604165,0.001
183,0.29693017189109,0.21295982835051047,0.38478614675174233,0.001
184,0.2946057146022079,0.21325095414549697,0.3877804994330988,0.001
185,0.2952916109507237,0.21361991527454036,0.38850879798672205,0.001
186,0.2947711869390733,0.2128652983349251,0.38499299942267085,0.001
187,0.2941581576789191,0.21499973206351952,0.3893958558060161,0.001
188,0.2962473696524944,0.2132994904044436,0.38780281173912406,0.001
189,0.2953237337530206,0.2155902061237835,0.391895861883081,0.001
190,0.2940795150918698,0.21382432234041934,0.3880211824331347,0.001
191,0.2940179756201735,0.21416468485400042,0.3861563342256267,0.001
192,0.2932268363346747,0.21221152613930194,0.3820676693082718,0.001
193,0.2937725887659493,0.21549050574178083,0.39266581741531364,0.001
194,0.2947812121395671,0.21258127403359858,0.3833291758982297,0.001
195,0.29415620808754495,0.21313918566014975,0.3855293218539224,0.001
196,0.293495757727448,0.21261409202838066,0.3831315018756066,0.001
197,0.2936961903758005,0.21510474983558292,0.3909319863074512,0.001
198,0.2937011052982523,0.2131895730327585,0.38517035398078603,0.001
199,0.29188758804710635,0.21490145131958624,0.38985141569605747,0.001
200,0.2940030390516334,0.21422076131802814,0.38608993401725616,0.001
201,0.29201954958635734,0.21136808510668625,0.3789110722087733,0.001
202,0.2935881655697429,0.21341173739826805,0.38600182396422367,0.001
203,0.2929399310175432,0.2145261448409493,0.38974939145964327,0.001
204,0.2934870881224991,0.21383306526601883,0.3866107931686494,0.001
205,0.2906197242507147,0.2131748485414593,0.38500513500797556,0.001
206,0.2924714802055184,0.21269084424282172,0.38460606192681707,0.001
207,0.2921382806716709,0.21319196468377455,0.38633013347519535,0.001
208,0.29267594204583297,0.21458958674907253,0.3860681069836345,0.001
209,0.2916977789697297,0.2126760612881265,0.3842316853571364,0.001
210,0.2911230716683449,0.21440870891923478,0.3888769519012928,0.001
211,0.2931790372373861,0.21436106869703672,0.3899786500304642,0.001
212,0.2922657323539804,0.213855151164031,0.3891749690886357,0.001
213,0.29164819364700845,0.21331322379698792,0.3854273886945655,0.001
214,0.2923856641447872,0.21291939391228157,0.3844004563351805,0.001
215,0.2921871711081321,0.2136958528290854,0.38682400455972143,0.001
216,0.29080604016780853,0.21601912416577806,0.396893119860707,0.001
217,0.29201052959905854,0.2135759833619571,0.387644347097509,0.001
218,0.29241793308783015,0.21420020820966262,0.38739466351346613,0.001
219,0.2912848732613642,0.21515515996434764,0.3900736561425482,0.001
220,0.2908581175388546,0.21428470559188886,0.38770881140718555,0.001
221,0.29139437205200897,0.21496446683817,0.3897234404757444,0.001
222,0.2919594455476201,0.21293716736144216,0.38470776778678234,0.001
223,0.29139611876885824,0.21336700718505297,0.3862600269496859,0.001
224,0.2904981715143274,0.2164548042991344,0.39339607388971737,0.001
225,0.2885172722536489,0.21280453971316204,0.38485876930062146,0.001
226,0.28949702524263926,0.21310706020755124,0.38765092021839365,0.001
227,0.2880479283289078,0.21346280782258983,0.3897070330775825,0.001
228,0.2913597663608166,0.21424185884382949,0.38968199365075945,0.001
229,0.291281026301034,0.21246309848438238,0.3837784940997866,0.001
230,0.2885633235404251,0.21311681132523932,0.3866265532747721,0.001
231,0.2899999006078878,0.21321830912896017,0.385862394584879,0.001
232,0.28877388309994967,0.2118860291108065,0.3813842467330852,0.001
233,0.2893340475515488,0.21391452370518962,0.3870847814551805,0.001
234,0.2906714599887165,0.21517806576560972,0.392113262661487,0.001
235,0.2907740296026982,0.21374214996618104,0.3883860018892253,0.001
236,0.2909074950655666,0.2131779619401402,0.38595134682541515,0.001
237,0.28976139836355086,0.2145465554873893,0.3891830975980217,0.001
238,0.28880183877201254,0.21289661557695289,0.3849818631681863,0.001
239,0.29070645939866335,0.21401819713374567,0.3877277883109269,0.001
240,0.2918063865615687,0.2161421444167006,0.3923592975004168,0.001
241,0.2894182858663961,0.21496650776124346,0.38969114823207046,0.001
242,0.28848721729506044,0.21327056360746047,0.3876979353279215,0.001
243,0.28847682886167403,0.21248899000865779,0.3859038890719509,0.001
244,0.2898557830020922,0.211821801014199,0.3840957656691593,0.001
245,0.28782981511102906,0.21086466272850266,0.3797938577433083,0.001
246,0.28955974546047525,0.2120405738211031,0.38395492388757413,0.001
247,0.28891139894450474,0.21239840446334698,0.3838024251864619,0.001
248,0.29078661137764605,0.21432387197740974,0.3888793534098133,0.001
249,0.288010817738848,0.2136162503798959,0.38751383084302815,0.001
250,0.2891858380048647,0.21313774976768324,0.3855829748921891,0.001
251,0.28802771962017093,0.21297204625647606,0.38549313877948577,0.001
252,0.2865950175381582,0.21429514301216937,0.3902931531089769,0.001
253,0.28754018657251235,0.21320536313087152,0.3844567339342427,0.001
254,0.28682702697745155,0.21360610171111483,0.3881630649156023,0.001
255,0.2882542491232583,0.21345746657526884,0.3880220563953631,0.001
256,0.28988503343468414,0.2106817495335466,0.3796039715169347,0.001
257,0.2881498655321401,0.21273437692643876,0.38759078859691315,0.001
258,0.287531252847899,0.2134416835556836,0.3859714756415752,0.001
259,0.2884517597769379,0.21191196656686212,0.38332891053208873,0.001
260,0.28734077444863976,0.21444925629930678,0.38983870360399125,0.001
261,0.2882727273833861,0.21438304375054737,0.38928016135947724,0.001
262,0.28659105957101244,0.21276249189493698,0.389091430034234,0.001
263,0.28702238461840046,0.21458888052173525,0.3919939970190393,0.001
264,0.28731457601993454,0.21283019208806592,0.38667548587882183,0.001
265,0.288715613681242,0.21437126654847738,0.39078220812051084,0.001
266,0.288150235190304,0.21403902158567573,0.39196941171909766,0.001
267,0.28689625380782907,0.21427692214762017,0.39057322528462624,0.001
268,0.287265393712105,0.21389594194059122,0.38858274846741025,0.001
269,0.28618578968244957,0.21413275377253113,0.3883908612198872,0.001
270,0.28683693310536373,0.21284931722142936,0.3884326495445118,0.001
271,0.2871186491272865,0.2120383122576974,0.3851644841509603,0.001
272,0.286929401099135,0.21191479231514787,0.3869513439709404,0.001
273,0.2869535150057679,0.2128724979317366,0.3879857718620284,0.001
274,0.28549706471075703,0.21281456757506917,0.3891456844327597,0.001
275,0.2877686030547553,0.21259461711087832,0.38707178669390546,0.001
276,0.28689193206095914,0.2125482589935768,0.3859019081852804,0.001
277,0.28773580272810173,0.21294250913309853,0.3891677208335027,0.001
278,0.28711336440996293,0.21229481503332048,0.3882831331057982,0.001
279,0.2862918808919574,0.21223461839422883,0.3834348646098186,0.001
280,0.28590988237923437,0.21085938565983345,0.38017971017950575,0.001
281,0.2861399084603021,0.2132570749222428,0.3881424332093696,0.001
282,0.28619669828939875,0.21173515710775173,0.3840008662068937,0.001
283,0.28731836761356494,0.21272638636969088,0.3873001414153808,0.001
284,0.2863255849945436,0.21230487598079073,0.38482414680560656,0.001
285,0.2856935311894898,0.21211885269046674,0.38414036873102536,0.001
286,0.286519995933279,0.21527008080649526,0.39136462765488916,0.001
287,0.285063570655814,0.21265571539710723,0.38571584058868624,0.001
288,0.28478233106092576,0.2151534642636952,0.3926416322881418,0.001
289,0.2873313533603598,0.21527123492112296,0.3921620845259023,0.001
290,0.28687301018369304,0.21310166605478936,0.38540943802004973,0.001
291,0.28573879517546485,0.2143075096720852,0.3885870286172002,0.001
292,0.28622072114856967,0.21357700550136707,0.3859016259879734,0.001
293,0.2846621441731759,0.21293754341478413,0.3865630760264676,0.001
294,0.2854690674794923,0.2119202284671745,0.38267981677166496,0.001
295,0.2840264803225841,0.2117460964218679,0.3813508711600616,0.001
296,0.28571848366238656,0.21285257974109525,0.3863223516563693,0.001
297,0.2856935959890348,0.2146811115888016,0.3879829651471184,0.001
298,0.28419408243183697,0.21327336623255547,0.38560698384266995,0.001
299,0.285654361778443,0.21238929104236068,0.38657135397143977,0.001
