0,0.3998246802403046,0,0,0.001
1,0.36461991823471346,0,0,0.001
2,0.35946587694657817,0,0,0.001
3,0.35613048439090317,0,0,0.001
4,0.35222204123531375,0,0,0.001
5,0.34861323586455334,0,0,0.001
6,0.34715808109120205,0,0,0.001
7,0.34808780414027135,0,0,0.001
8,0.3448383283239227,0,0,0.001
9,0.3451669829654264,0,0,0.001
10,0.34435273317603377,0.28481800126103557,0.44941725375310254,0.001
11,0.3438980014206053,0.2820557092408879,0.4442066021497888,0.001
12,0.34290940146725457,0.2858774191068289,0.4554010287264624,0.001
13,0.34291329013334737,0.2856478667998167,0.45882859725254593,0.001
14,0.3412587928610879,0.29017878778130685,0.45576343256122576,0.001
15,0.3419860193321297,0.2873540082550351,0.4562837080442848,0.001
16,0.34190118178591,0.283356033853014,0.4458310213188204,0.001
17,0.3407077918181548,0.28487426260190474,0.445554100276664,0.001
18,0.34503203939210186,0.2866524199508387,0.45487576496844445,0.001
19,0.34230720285359806,0.29137824497151615,0.4723978870740308,0.001
20,0.34015520709054964,0.28414637045860003,0.4497920792812423,0.001
21,0.3400232195854187,0.28323386378011894,0.4529647490078386,0.001
22,0.33957948032263163,0.2867837695029998,0.455068812804508,0.001
23,0.33985862941355316,0.2872080010084207,0.454658334821142,0.001
24,0.3386906908976065,0.2848280041436936,0.4512391757959066,0.001
25,0.34017800412199517,0.2834652077237861,0.4457273195868364,0.001
26,0.340014711022377,0.28801064663384013,0.4620496745909255,0.001
27,0.34005909943365836,0.2836710251495052,0.4517438871318806,0.001
28,0.3388551500466493,0.28430466596272363,0.4520007874700486,0.001
29,0.33803906439392417,0.28769702565074295,0.4586009702721312,0.001
30,0.33976928862902495,0.2840913457420133,0.4398968381693134,0.001
31,0.3412014141276076,0.2835932585983977,0.44976683102917,0.001
32,0.339492543726354,0.29150763071165137,0.46298791388797644,0.001
33,0.337772391266651,0.28408244123694276,0.4423981492849307,0.001
34,0.3367104228955131,0.284407526567759,0.446936036262807,0.001
35,0.3370677395178391,0.28512204068473557,0.4533791343593162,0.001
36,0.33576261930100554,0.2831746830539147,0.44975277316337675,0.001
37,0.3370864524229153,0.28309966725755825,0.4476973357424906,0.001
38,0.3361414129938091,0.2800552284185338,0.43919983707530375,0.001
39,0.3365599405658138,0.28382275874640045,0.44807706295150596,0.001
40,0.3366732476530848,0.282787105659391,0.4460502676630814,0.001
41,0.33542766469018953,0.2826269344565196,0.44291746691589245,0.001
42,0.33560188181765443,0.2843720169166809,0.44589334323252194,0.001
43,0.3346823468670115,0.2825673227854896,0.44352881354832296,0.001
44,0.33452640326173455,0.2871352938812304,0.4504953804746138,0.001
45,0.3353491667154673,0.28421595614759343,0.4498640723867783,0.001
46,0.3337758264026126,0.2850569776376203,0.44752753082183244,0.001
47,0.3340823651702554,0.2869314179860185,0.4494720321067893,0.001
48,0.33360216800157017,0.2832300587044194,0.4421188932409129,0.001
49,0.33323903945652217,0.28395599058048526,0.4418073535553497,0.001
50,0.3322741597353875,0.2875294625540752,0.45434024664792527,0.001
51,0.33316158295214715,0.28246791530943954,0.4399361078265123,0.001
52,0.3333307539557551,0.2853525951536867,0.44749445036280094,0.001
53,0.3320659711822733,0.2823767236369759,0.4421674459357656,0.001
54,0.3324912573034699,0.2862013346579185,0.4493164453269383,0.001
55,0.3319736442587397,0.2832303524153465,0.4413990958746645,0.001
56,0.3311774654162897,0.28408631518279065,0.4463040460566658,0.001
57,0.33197298760081195,0.28123628158077574,0.4404935154601867,0.001
58,0.3320513673059575,0.2822064832132888,0.44140722964172097,0.001
59,0.331589253099115,0.28162761999435987,0.4382509383504321,0.001
60,0.33217131245780634,0.2871301286200998,0.4492284353543728,0.001
61,0.33143981116580534,0.2825965556314978,0.4397644525270206,0.001
62,0.3305678335396019,0.2813548602779906,0.4342843862213013,0.001
63,0.331606311841054,0.2850640986084063,0.4464814636606859,0.001
64,0.330221912211126,0.2862369663509508,0.44845660178041014,0.001
65,0.3308655345762098,0.28291456151617633,0.43995011783768057,0.001
66,0.3302434758023099,0.28793405036885733,0.4486332620659996,0.001
67,0.32954533545820563,0.2867499699584744,0.4490991108888859,0.001
68,0.3299211859703064,0.28436488581793185,0.4381287799251405,0.001
69,0.328831007083257,0.2805067785849557,0.4314473414889931,0.001
70,0.32837798198064166,0.2869838717191974,0.4461061975661572,0.001
71,0.3297639999303732,0.283242331263586,0.4418395665543534,0.001
72,0.3294658691764952,0.2878068588519064,0.4451312438969632,0.001
73,0.3285146877169609,0.2829228451771149,0.4442382803923479,0.001
74,0.3291265455720661,0.28590625696228,0.4431627355417953,0.001
75,0.3280808551085962,0.27837980102391247,0.42646408139095515,0.001
76,0.3289002280111785,0.27748324234237104,0.4258560823034834,0.001
77,0.3272066799638508,0.2843816567118653,0.43937507995247643,0.001
78,0.32768693103178126,0.2823309538529795,0.43695509359427115,0.001
79,0.3275773325213441,0.283475055142212,0.4439359409483414,0.001
80,0.3275345092689669,0.2816610210035412,0.44082661935129397,0.001
81,0.32737715273827045,0.2835860829366114,0.44577029455928574,0.001
82,0.32707188795278735,0.2820724229118305,0.43874898422078035,0.001
83,0.3279992981671213,0.2770579387920664,0.43188516117437614,0.001
84,0.32665296341921835,0.2786827511851917,0.4369891326649972,0.001
85,0.326357840484864,0.27639209510768975,0.42706600446024573,0.001
86,0.32675049829858915,0.28143693678375326,0.43114515320483376,0.001
87,0.3262313028445115,0.27765835532905797,0.43057870788340835,0.001
88,0.32620724465127465,0.27752294952771495,0.4310694198425752,0.001
89,0.32575774676090963,0.278340716201895,0.43602862045819374,0.001
90,0.32573980327930535,0.28072948692096994,0.4390810360697347,0.001
91,0.324985470052238,0.2844860162554248,0.4481549148304176,0.001
92,0.3260986608964903,0.2761224502463414,0.4301165415878559,0.001
93,0.32545833692357345,0.28142362610837907,0.4383009228860489,0.001
94,0.32585677544812897,0.27969373660551566,0.4340898032392514,0.001
95,0.325650194340998,0.2823549145878475,0.4428057362412686,0.001
96,0.3256780858243908,0.27985394376265577,0.43861266918205655,0.001
97,0.3237739400015221,0.2772645077126403,0.43271102489876156,0.001
98,0.3255937527026142,0.27786374282274773,0.4318446784404132,0.001
99,0.32452558517993035,0.2822776640564549,0.44946803586580275,0.001
100,0.325297561717463,0.2793420385327196,0.44206104687404524,0.001
101,0.3247208544934118,0.27968257812227926,0.43314026645271303,0.001
102,0.32490251589197294,0.2812847231214118,0.43946320234543085,0.001
103,0.324986040860683,0.27860125450531087,0.43315929208434023,0.001
104,0.3244468242198497,0.2799782918539942,0.4352994375086665,0.001
105,0.3242028898618243,0.27864051960506975,0.4313784832411936,0.001
106,0.3241081749936482,0.2784385092806427,0.4359569889209356,0.001
107,0.32315474600942284,0.2764440307955612,0.429110026654075,0.001
108,0.3232177800020656,0.27903197600942287,0.4364042002663753,0.001
109,0.3235722033155931,0.27538375511130164,0.42870028092243123,0.001
110,0.3242079759906004,0.27801559896799527,0.4299230022923895,0.001
111,0.3232050298436268,0.27464502452839135,0.42564734650598746,0.001
112,0.3220704332799525,0.28102231823441476,0.4382234796704429,0.001
113,0.3232771985165708,0.2802665812824312,0.43243031498566026,0.001
114,0.32254619164778303,0.27799662726770163,0.43293933095909304,0.001
115,0.32368917978024697,0.2793067491648368,0.43721240867252253,0.001
116,0.32345436493287216,0.27969756852031713,0.438705886193581,0.001
117,0.32311536834852117,0.282035521678636,0.43907860232023443,0.001
118,0.3217990898468473,0.28506323368036607,0.44136816279698043,0.001
119,0.32232599161766673,0.2858849360809683,0.44643352547998605,0.001
120,0.32307801516474904,0.28269860751868753,0.44075410971964685,0.001
121,0.3217488906539238,0.28059000005693563,0.4390937904666945,0.001
122,0.3216064239407445,0.28196142145013486,0.4323054698649933,0.001
123,0.3222009655054625,0.28073108156874443,0.4336245507001847,0.001
124,0.32174621717081414,0.2849135474511915,0.445890804658605,0.001
125,0.3210838768664781,0.2806435648276558,0.4339924707299765,0.001
126,0.32026057764216587,0.2774191814571947,0.4272325522280146,0.001
127,0.3218342263822083,0.2791522106285884,0.4346013023360039,0.001
128,0.3217201605439186,0.27555601808920005,0.4256745993351294,0.001
129,0.3200579734670149,0.28132115644271555,0.43447621870180914,0.001
130,0.3206042380886035,0.2775000988175919,0.42910627956097736,0.001
131,0.3210919786009703,0.2811038812524533,0.43883150762260914,0.001
132,0.3218406832835696,0.2783383817064232,0.43397336078305765,0.001
133,0.32070402928569297,0.28204154072704757,0.4378248453269671,0.001
134,0.32073179699547655,0.2780400230571705,0.4342726808281055,0.001
135,0.3212029228473569,0.27777368598853835,0.4322515323854316,0.001
136,0.3195766917354352,0.2758556422274297,0.4275221084103669,0.001
137,0.3200213198994731,0.27675752264713005,0.4256480650849597,0.001
138,0.3198295753818374,0.2728003193729661,0.4185272900477764,0.001
139,0.32061803394609745,0.2774008290818386,0.4298272884847953,0.001
140,0.31905974602108605,0.2794487502956861,0.4356980103247673,0.001
141,0.31975742852365646,0.2839963191163593,0.44719509689547526,0.001
142,0.3184482218311714,0.27740304406734695,0.43226979082386424,0.001
143,0.3192783515598323,0.28004908986015886,0.43598259722209126,0.001
144,0.31982465934109044,0.27786026589304946,0.4282456202070324,0.001
145,0.3193851069689871,0.28118764102566673,0.43942701361456565,0.001
146,0.32061459781887297,0.2754375416844115,0.4259251570364912,0.001
147,0.32006816324349996,0.2800490346627605,0.43880657004580076,0.001
148,0.3194897378887142,0.2771759979247793,0.4319624258846349,0.001
149,0.3196961688431534,0.2771395939745682,0.43629940243559945,0.001
150,0.3186739669726776,0.27478415387533167,0.4265892911182888,0.001
151,0.3189502177877469,0.27530808251654454,0.426308162667118,0.001
152,0.31825807019396946,0.2755377411671683,0.4270586006661199,0.001
153,0.3193385680919295,0.2755120232307196,0.430878129714484,0.001
154,0.3190198169500978,0.2800579670197293,0.44008552287893205,0.001
155,0.318532726383424,0.2784158388482611,0.4315361604326004,0.001
156,0.3186298879954192,0.28107354496487613,0.44093131083845866,0.001
157,0.31916084684230184,0.27723594837617166,0.437175812037949,0.001
158,0.31796202426021164,0.27859149570656117,0.438644977130713,0.001
159,0.31794555022104365,0.2781196703710074,0.4382340631385413,0.001
160,0.3175458024750959,0.2814350767833481,0.4426036833801346,0.001
161,0.31794849836880024,0.28442893454955254,0.4504142972691185,0.001
162,0.31838149141083966,0.2807155827469639,0.4455186681046322,0.001
163,0.3175021800640467,0.2789468195901116,0.4384437681820929,0.001
164,0.31820724401119593,0.27841867062671616,0.4357918919838613,0.001
165,0.317447544486673,0.27796748557336043,0.4348499177472683,0.001
166,0.31841741166673265,0.27599665183070127,0.42516018718302934,0.001
167,0.3173704548059283,0.2764587538153758,0.4350323274242334,0.001
168,0.3181092745817459,0.2750492411533295,0.4303890934267896,0.001
169,0.31764491493100516,0.27406010377479145,0.42562334475295693,0.001
170,0.3160250415136148,0.27908161771367457,0.4334415644889278,0.001
171,0.3167496864591633,0.2775694870113068,0.4370573133520744,0.001
172,0.31736236253568717,0.2754039593846925,0.43391792841616245,0.001
173,0.31719748803355674,0.2772115516324965,0.4328246606432189,0.001
174,0.3161900659670701,0.2751973889449242,0.4273017462177864,0.001
175,0.3164559634956154,0.2803122219348993,0.4393316590964576,0.001
176,0.31558108128405904,0.2798390713553868,0.44055127523297105,0.001
177,0.3152180412733877,0.2783441961699821,0.4397399266519067,0.001
178,0.316276741256048,0.27763185399467116,0.4352026822932805,0.001
179,0.31757652551472726,0.27431823516780013,0.4296964873623082,0.001
180,0.3163771672963022,0.2735881862747744,0.42981892455978044,0.001
181,0.31646013018247243,0.2757179621919948,0.4293204647089461,0.001
182,0.3165103117893408,0.2750393643638109,0.4341548460302032,0.001
183,0.3160569894018474,0.27468831853183207,0.42848394687392055,0.001
184,0.3158787844685821,0.27769466306362056,0.4328547923458334,0.001
185,0.31516371049859504,0.27753236549491705,0.4314775035754965,0.001
186,0.31532398967055586,0.2736363022013999,0.4259590677352867,0.001
187,0.3148908324472539,0.277878386844451,0.4365048939933589,0.001
188,0.3154337509526863,0.2749703924293753,0.4321515526798369,0.001
189,0.31496261087086824,0.27425932941579134,0.4295630975324875,0.001
190,0.31566606394879454,0.2720968027046143,0.4228010278511921,0.001
191,0.31467821314796673,0.27485325747328626,0.4285533846944007,0.001
192,0.31491804451824307,0.27475530589191755,0.4307894383832101,0.001
193,0.3148518342289839,0.2744603958140667,0.4284923457404076,0.001
194,0.3144715833100113,0.278219514868661,0.43430692726887327,0.001
195,0.3150540206346426,0.2734229683079395,0.42711729550308486,0.001
196,0.3150352503399591,0.27055028959345045,0.42631494966829936,0.001
197,0.31458935551009737,0.2750447792792294,0.4303446228074096,0.001
198,0.31530776311148395,0.274909777077212,0.4301483747882484,0.001
199,0.3161431961768382,0.2767918042826943,0.43159976758480206,0.001
200,0.31469622146975884,0.27643712960157224,0.4360437090974177,0.001
201,0.3145689064854974,0.27718723287413644,0.4359469440072678,0.001
202,0.31489172342929755,0.2768928241304542,0.43343339729959357,0.001
203,0.3134498996240599,0.275555400283457,0.42486920599628797,0.001
204,0.3134603213753786,0.2742640272714294,0.4291256804336323,0.001
205,0.31427155112898025,0.27649093997539514,0.43140422599105765,0.001
206,0.3144306610967662,0.2713418927008098,0.41699643958378313,0.001
207,0.3140372269459673,0.27574497498851314,0.4336789484956631,0.001
208,0.31374203111674337,0.2749036461148093,0.42859668781285004,0.001
209,0.3136932845185469,0.2759479140471474,0.4276929030862058,0.001
210,0.3139326266340307,0.2772845200611323,0.44235771668438445,0.001
211,0.3123662268390527,0.27081914447368466,0.4248197220352407,0.001
212,0.3123664668685681,0.2714322771746222,0.4276086113420434,0.001
213,0.31283288670552745,0.27227925491968996,0.4240746095723644,0.001
214,0.31324785833691693,0.2730179991753503,0.4213816156168921,0.001
215,0.3131480014941714,0.2718312100412627,0.42320166905052925,0.001
216,0.31222782183337855,0.2745235315098229,0.42462610602045486,0.001
217,0.31368921737413147,0.27826418830066246,0.43689981390641763,0.001
218,0.31251859483686656,0.2732775206312809,0.4275817990792904,0.001
219,0.3130744984960771,0.2717686956960367,0.4259811818892198,0.001
220,0.3134490236774221,0.27309156819219205,0.424766361849568,0.001
221,0.3117992100683418,0.27233621053242285,0.4244516850274767,0.001
222,0.3127319033484201,0.2713709523586506,0.42273483503004566,0.001
223,0.3123966073533436,0.2721906154939026,0.42461186281293933,0.001
224,0.3112763119441969,0.27473490007206297,0.4303250882456435,0.001
225,0.3127741549197618,0.2756681442611869,0.4290415497240811,0.001
226,0.31126429321798116,0.2776821378117771,0.4396790958275526,0.001
227,0.3125056182747489,0.27245966989500797,0.42702223874708795,0.001
228,0.3118859075748169,0.2744804350016607,0.43050015185787166,0.001
229,0.31091146392596736,0.28252018471369184,0.4489137577726843,0.001
230,0.31164908315147366,0.2761512764546351,0.4374428993344654,0.001
231,0.312409352410484,0.27753730186408376,0.43524066291399316,0.001
232,0.3111453053650555,0.2739474782942286,0.4265044296762097,0.001
233,0.3113530436614612,0.2759582486205937,0.42812336607249074,0.001
234,0.3121196292005144,0.2765574685387567,0.42611434156108213,0.001
235,0.31050416437892225,0.2760608200722854,0.4328517402841942,0.001
236,0.3113571114771001,0.2789411367900717,0.4374117588867396,0.001
237,0.31062119051411347,0.27262079565839226,0.42409906708372835,0.001
238,0.3106055069077122,0.2738855042758287,0.4292417765134927,0.001
239,0.3106565745966928,0.27179622957625144,0.4289701635367258,0.001
240,0.3099292063632527,0.2699522116031159,0.4178356965263923,0.001
241,0.3104877122216397,0.2747805781979942,0.43177835117055846,0.001
242,0.31095980322575784,0.2759300392052468,0.43243377419141066,0.001
243,0.30977476421777195,0.2735352671616955,0.4320931867484692,0.001
244,0.31006760485805906,0.27423847593997214,0.4355954791321029,0.001
245,0.30962205067411197,0.2711084193529217,0.42599929524458297,0.001
246,0.3093361698829376,0.2718359038457156,0.420413198281796,0.001
247,0.3102120606077684,0.2740035730301065,0.4250948876482164,0.001
248,0.3109456591375239,0.27157765952591945,0.4217177920787636,0.001
249,0.31025917599867053,0.27298594670444265,0.42496121828661787,0.001
250,0.3105652451783687,0.2728202471529671,0.4259184391586571,0.001
251,0.30986596563377894,0.2750962657919417,0.4359334847040857,0.001
252,0.3107013854089084,0.2745381978130448,0.4308629560003712,0.001
253,0.3095977714469841,0.2783554918871173,0.43412088595758824,0.001
254,0.3093002741938239,0.27805314079484955,0.43952517636360455,0.001
255,0.30813274082836806,0.28102491048654493,0.44192044694739036,0.001
256,0.3092748461677147,0.27455287829541486,0.42533264841517393,0.001
257,0.30908085613905845,0.2754472442729665,0.4338663920234205,0.001
258,0.30970716677807475,0.27405636554364776,0.42541803929651695,0.001
259,0.3088605518679361,0.27483759862969026,0.4336882603980114,0.001
260,0.3082759726020667,0.27582088457760445,0.4303862282260671,0.001
261,0.309289422523868,0.27452337351360007,0.42661375774481936,0.001
262,0.30957965143360533,0.27641986496944243,0.43042484311046036,0.001
263,0.30907880669241555,0.2751759389320842,0.4346449723399117,0.001
264,0.30924838546428596,0.27817565521848664,0.43614831399049897,0.001
265,0.3085205763041436,0.27951213564573024,0.43687324471477573,0.001
266,0.30828504291203646,0.27288182972559705,0.42735877981562614,0.001
267,0.30855468452513757,0.27480083463039445,0.43150770592065274,0.001
268,0.30880716476623005,0.27363073637933266,0.4217875003158548,0.001
269,0.3087605682310757,0.2713496091958203,0.4213647312898346,0.001
270,0.30830917245632894,0.2751505780063313,0.42892258616470647,0.001
271,0.30769772908172094,0.27044806553088974,0.417900585119108,0.001
272,0.30845778569713367,0.27510148827606323,0.43171753857653766,0.001
273,0.3077067503923768,0.27344106444583166,0.4288840958542577,0.001
274,0.3075544413951066,0.27286600275781525,0.4251472732706529,0.001
275,0.30744486033647983,0.2708286465285723,0.42410396800500666,0.001
276,0.3070557222844244,0.2760045212579531,0.4358159750137946,0.001
277,0.3082340501315959,0.273748051106765,0.4309471573524641,0.001
278,0.30730248806444377,0.27263339737635633,0.4255618234547277,0.001
279,0.3078228241285762,0.27293910284997003,0.4305704578979769,0.001
280,0.3085158565291413,0.28000749127772445,0.43898845863907143,0.001
281,0.3089439084266757,0.2757220290755379,0.4322996331199371,0.001
282,0.30716757335372874,0.2737564603544448,0.4313303984582298,0.001
283,0.3074926154704781,0.27910718221148373,0.44228572737683464,0.001
284,0.3078635830331493,0.2735339890127648,0.4284665558955158,0.001
285,0.3077439418784133,0.2739380121936097,0.4314600153686473,0.001
286,0.3062642043506777,0.27376902105415873,0.430730876475759,0.001
287,0.30702846745649975,0.2767489852807183,0.43623395477932814,0.001
288,0.30615597761966085,0.274675527927358,0.43373722631375305,0.001
289,0.3075507287238095,0.2747381217770936,0.43260227564323533,0.001
290,0.3072566407489347,0.27330045641629314,0.4262794757184203,0.001
291,0.3056180906054136,0.2757826489852846,0.4332252858910144,0.001
292,0.3061482813712713,0.27185902395965444,0.42610172161283066,0.001
293,0.3055956965094214,0.2752029309662784,0.43191861839362994,0.001
294,0.30575525096139394,0.27375752328416175,0.430630185027567,0.001
295,0.3058510430761286,0.2728944876537558,0.42797250930454306,0.001
296,0.3051863683236612,0.28015270246644697,0.4467458566658548,0.001
297,0.30597620618504445,0.2716587353889376,0.4279894452842117,0.001
298,0.3047818279078415,0.27627479202741484,0.43624200423109294,0.001
299,0.30647235417419727,0.2780389424035183,0.4394607594807639,0.001
