0,0.41116489798335704,0,0,0.0018
1,0.3749034916192798,0,0,0.0018
2,0.37080869255429605,0,0,0.0018
3,0.3675436357320365,0,0,0.0018
4,0.368090374363681,0,0,0.0018
5,0.3655048043040906,0,0,0.0018
6,0.3685826676881919,0,0,0.0018
7,0.3709536732758506,0,0,0.0018
8,0.3665447894294383,0,0,0.0018
9,0.3620195863610607,0,0,0.0018
10,0.3601068442655822,0.14002172435172475,0.22032928995656684,0.0018
11,0.36109450648901825,0.13840006717299935,0.21496502070020596,0.0018
12,0.3621624460664846,0.1336636929482926,0.20879890933658157,0.0018
13,0.3639469602603023,0.13425869834757653,0.2074923773948535,0.0018
14,0.3612872096946684,0.13367152683438632,0.208609452547452,0.0018
15,0.36050932854413986,0.13842735130562916,0.21844479885198012,0.0018
16,0.36063243600271516,0.13357329528151918,0.2129679012176537,0.0018
17,0.35983649919093663,0.1334198962411291,0.20813661971057773,0.0018
18,0.35832757351257033,0.13408365790250867,0.20861421720095907,0.0018
19,0.36274009905124116,0.1302291919872502,0.20326053596022423,0.0018
20,0.3611481304643518,0.13280792795638963,0.20351457676320048,0.0018
21,0.3583200589074927,0.1327084279361254,0.20643680958752805,0.0018
22,0.357599060035358,0.13340350159436584,0.2039141086684385,0.0018
23,0.36059976141836686,0.13350626480432864,0.20742163632583108,0.0018
24,0.35914801869351987,0.13263507557110638,0.20743339180240225,0.0018
25,0.3571321287397611,0.13385150482133004,0.20748056428884076,0.0018
26,0.3578951572210102,0.13279985177877066,0.20524145413364106,0.0018
27,0.3580003270910958,0.13596801796342678,0.20882959608470533,0.0018
0,0.4124548599376517,0,0,0.0018
0,0.4094183073710587,0,0,0.0018
1,0.3782906733074431,0,0,0.0018
2,0.37687559766789613,0,0,0.0018
3,0.37537781679529253,0,0,0.0018
4,0.37044056479708626,0,0,0.0018
5,0.3801158564323086,0,0,0.0018
6,0.3734731655252182,0,0,0.0018
7,0.369396382974366,0,0,0.0018
8,0.36770170194617774,0,0,0.0018
9,0.3667518241425692,0,0,0.0018
10,0.36527932119571555,0.13528894917862633,0.21549618010898203,0.0018
11,0.36492244987669636,0.13669708493676314,0.2168094361052302,0.0018
12,0.3648070953154968,0.13148872310277476,0.20783243385738703,0.0018
13,0.3653298381526591,0.13391851051166373,0.21898643008799196,0.0018
14,0.3634152773578288,0.13669431624485784,0.21799500013109466,0.0018
15,0.3653086268548238,0.13653840009915907,0.22025191871324362,0.0018
16,0.3655393429226794,0.13745617437073498,0.22197787122409787,0.0018
17,0.3697743529485444,0.1343182655021826,0.2162084279542688,0.0018
18,0.36828907831745633,0.1346728675149998,0.2122798856230359,0.0018
19,0.36332800163555956,0.1328076193600224,0.21055994516424636,0.0018
20,0.3632018179711649,0.13479279004625838,0.2134047686354587,0.0018
21,0.36282875641422757,0.13231504440714867,0.20691975174386054,0.0018
22,0.36298865521863355,0.13182493388751293,0.2052561003773615,0.0018
23,0.3621675484513832,0.13306103832499822,0.208882867996878,0.0018
24,0.3616954900198064,0.13372154795076477,0.20845252478956186,0.0018
25,0.36043877407150754,0.1372719008215067,0.21143143245163554,0.0018
26,0.36322331504296446,0.13555004897085507,0.21288480699898069,0.0018
27,0.36546123873884395,0.14066150225045831,0.2235300904882973,0.0018
28,0.3640167873542188,0.13438412851841752,0.2142716929723863,0.0018
29,0.36793574829727915,0.1330242118721693,0.21462577941541838,0.0018
30,0.3626049787311231,0.1324791897893072,0.2115789089811098,0.0018
31,0.3605943248938706,0.13224894777478835,0.2088027268223314,0.0018
32,0.36238912354081365,0.1331712103264605,0.2098154638709849,0.0018
33,0.3602631943205656,0.1377010802897406,0.21379733574383203,0.0018
34,0.36155549449435737,0.13809493786735375,0.2159601259282634,0.0018
35,0.3597681048815533,0.13574155222654238,0.21177172222045668,0.0018
36,0.35933585894309866,0.139448070350894,0.21437834740807912,0.0018
37,0.35917853904982744,0.138220788795089,0.21068164832024341,0.0018
38,0.35945901350449705,0.1371149083065511,0.20541203356263113,0.0018
39,0.36209307888806874,0.13987239841157942,0.22247814497022608,0.0018
40,0.3652836896352849,0.13861137326826087,0.22162494759447532,0.0018
41,0.3617077126341351,0.13587033110173793,0.21424861424005562,0.0018
42,0.3599454874204377,0.13468271533320905,0.21453850241469663,0.0018
43,0.3586812871745077,0.13839159316632862,0.2202867622172167,0.0018
44,0.3582023308943894,0.1353669720071391,0.2137940722443269,0.0018
45,0.35786301642656326,0.140690141604484,0.21798088463594087,0.0018
46,0.35816869594283024,0.13992851399637518,0.214249295568776,0.0018
47,0.3573574606897467,0.14083801689383474,0.22120890113620179,0.0018
48,0.3583837991296235,0.13789408191092187,0.20923549232520727,0.0018
49,0.3572171240792436,0.14122240217411927,0.22065539451720004,0.0018
50,0.3581710328995171,0.13794030444149472,0.21482856719569082,0.0018
51,0.3594683306449551,0.1366555006467702,0.21382148712738142,0.0018
52,0.359279257513709,0.13846870941555373,0.21886831389997846,0.0018
53,0.3556156417323371,0.1362556607612668,0.20957038630518554,0.0018
54,0.3563307075429771,0.1373345644741993,0.21283216808115807,0.0018
55,0.3559216303845583,0.1409947962418218,0.21512627717276298,0.0018
56,0.35651516144053413,0.1374673736923116,0.21425311584304718,0.0018
57,0.3557722661959923,0.1394447675022245,0.21245640925007078,0.0018
58,0.35592331989841947,0.1365546032674535,0.20972863489269594,0.0018
59,0.3562647455324561,0.1355083060449786,0.21327457907943834,0.0018
60,0.3552132678233971,0.1384335944951873,0.21306039368283666,0.0018
61,0.35655809901023316,0.13988287891430864,0.21655496865848498,0.0018
62,0.35608920454978943,0.13850967589314073,0.20968841883755807,0.0018
63,0.35552138633142083,0.1369946399986401,0.21503384419603583,0.0018
64,0.3552263908214488,0.1363002690477901,0.21400386386076317,0.0018
65,0.3568052287071438,0.13749122298625943,0.21229264403779166,0.0018
66,0.3559167051719407,0.1368376140214278,0.21115939639077852,0.0018
67,0.3542261924278938,0.14344032330478293,0.22300432036181428,0.0018
68,0.35411652379621894,0.14153696907549398,0.21680081957420982,0.0018
69,0.35421976990113824,0.1396927612439168,0.21156650656758172,0.0018
70,0.35376747369261113,0.13685730903817486,0.20515087366460794,0.0018
71,0.3542382249892768,0.1386479642459501,0.2127056221930557,0.0018
72,0.3534741157949981,0.1410927650540068,0.21341791651369857,0.0018
73,0.3563358365731724,0.1392830784975755,0.21842586665092042,0.0018
74,0.35461419517711057,0.14571004586781516,0.22538601505050543,0.0018
75,0.3538044721393262,0.14586205374586694,0.22320970797350678,0.0018
76,0.35416638068223405,0.1423395253612332,0.21945017420422788,0.0018
77,0.355843414947138,0.1409939634034331,0.2199443903524424,0.0018
78,0.3534942388029422,0.14295046065371525,0.22017819671488112,0.0018
79,0.35357897324582277,0.14221454878987178,0.21781917735242973,0.0018
80,0.3550126816509134,0.14166230009890773,0.22223671664938743,0.0018
81,0.3589993066201776,0.1398864482216888,0.21245658120888836,0.0018
82,0.3550230148485151,0.14347176605231346,0.21962280784395746,0.0018
83,0.35321273288484345,0.14487570663493574,0.21809061759922158,0.0018
84,0.3536079918681565,0.14235279996239594,0.21796467589074847,0.0018
85,0.35260823785753576,0.14606290536459887,0.22111113464760893,0.0018
86,0.35322392592995855,0.14451932306678555,0.2221529355249513,0.0018
87,0.35357113106776095,0.1400530791059136,0.2122642280755668,0.0018
88,0.35749803016246373,0.14017139978655105,0.21557275569420886,0.0018
89,0.3539006367830907,0.1412643217063505,0.21466500926349988,0.0018
90,0.3533345292937958,0.1398060743598079,0.20636081680326668,0.0018
91,0.3527158979894751,0.14068526541007875,0.21435988646713028,0.0018
92,0.352954392589755,0.14205800243833872,0.21987866304483572,0.0018
93,0.3525526714274439,0.14025738973051288,0.2128464759842861,0.0018
94,0.3518384159621546,0.13702247563883382,0.21106027468080188,0.0018
95,0.3513517570445093,0.14212158320473317,0.22419762904101875,0.0018
96,0.3522211256421218,0.14156419248032462,0.21800228188988796,0.0018
97,0.35117583633479427,0.14212961972338128,0.21588586667478443,0.0018
98,0.35221027822817785,0.14174990862461903,0.22103546068429036,0.0018
99,0.35222562705561267,0.1393072524993475,0.21096522514152646,0.0018
100,0.3520385741682376,0.14015662310186583,0.21451003068204447,0.0018
101,0.3509585890224424,0.13818076173937496,0.2085206102567369,0.0018
102,0.3514823947670096,0.1394310907343101,0.21225797621066464,0.0018
103,0.35039170061127617,0.13966647168391635,0.21188044109146734,0.0018
104,0.3508473164954428,0.14140434018176495,0.21767087263210985,0.0018
105,0.35177985338841455,0.14164246565609115,0.21490172777175165,0.0018
106,0.3512468091764693,0.14108970325751977,0.21225171319167702,0.0018
107,0.350453136330944,0.14013468673359203,0.2192640599227088,0.0018
108,0.3505146384744321,0.14341033864410405,0.22073216715793673,0.0018
109,0.3505623636104293,0.14255547899214593,0.21756844931283606,0.0018
110,0.3534268363047454,0.14346752254242817,0.22243868460437832,0.0018
111,0.3506323776002658,0.14212517853831297,0.21671785362751964,0.0018
112,0.3511962473897611,0.14110086663815402,0.21844956536450144,0.0018
113,0.35017687650555274,0.1419589275126687,0.21973878151805487,0.0018
114,0.35053495683912506,0.140666685801888,0.20900094886362083,0.0018
115,0.35010426996623056,0.13888633201180156,0.21242539624494725,0.0018
116,0.3486319414134753,0.1398388097419209,0.21581971458242305,0.0018
117,0.350720777349957,0.13982395373929388,0.2179170256376493,0.0018
118,0.3496885178452831,0.14060403764098087,0.2123660927610603,0.0018
119,0.3497530133542368,0.14032920716942415,0.21290613175137224,0.0018
120,0.34930041861736166,0.13920698718487937,0.2122061877918586,0.0018
121,0.3512749546917818,0.14045401580983072,0.20825852735814163,0.0018
122,0.35095365143428414,0.14265878007690144,0.21821603692469216,0.0018
123,0.3517555317888826,0.13860584827787867,0.2106767711963746,0.0018
124,0.3485965109982733,0.1386631796580008,0.20868546392185583,0.0018
125,0.3484656851170427,0.13974278483898092,0.2138295478131429,0.0018
126,0.34845179685596694,0.13733608638720723,0.20800728251258818,0.0018
127,0.34872050191891396,0.13668132855156262,0.21217597881039552,0.0018
128,0.34894869009316976,0.1376266713849502,0.21418169530431863,0.0018
129,0.34901140428195565,0.1390797283636775,0.2121188447961312,0.0018
130,0.3490327385775113,0.13895159704511603,0.21312096594394503,0.0018
131,0.34948350072412165,0.1347154686857932,0.20422247823318507,0.0018
132,0.3480602011589681,0.1350394942517253,0.2078369280243216,0.0018
133,0.3481077609931008,0.13600627275887917,0.2123781335963179,0.0018
134,0.34803547167171867,0.1373937548685819,0.21237159916125067,0.0018
135,0.3477235524836233,0.13721915005252244,0.21302341696001872,0.0018
136,0.3478779858451779,0.1336761725110233,0.2075071119417505,0.0018
137,0.34898912249985387,0.1372982480109492,0.21032456886427867,0.0018
138,0.34867034132702873,0.13482552728738562,0.20357138730898638,0.0018
139,0.34744107117087153,0.14017691300317625,0.21321190148469873,0.0018
140,0.3470034121961917,0.13332961507258265,0.20137704221677935,0.0018
141,0.3478798926886866,0.1327423710578363,0.2013152848340905,0.0018
142,0.3480812418511358,0.13640129841711932,0.20920204587043847,0.0018
143,0.3479353168000609,0.13354970439055355,0.20250765192258044,0.0018
144,0.34694956596625054,0.13606003483162113,0.20615831438168067,0.0018
145,0.3470472781840017,0.13931849209956643,0.2119159157307762,0.0018
146,0.3462169748746743,0.13860458414818155,0.21107128748118265,0.0018
147,0.34668412779347374,0.13695697884840824,0.2116139421045357,0.0018
148,0.34608710721387703,0.13597094776990132,0.20482469195488362,0.0018
149,0.34718860433263293,0.1372554652764297,0.21041235430539612,0.0018
150,0.3460424616932869,0.13814478299704885,0.21590933394109207,0.0018
151,0.34643753832679686,0.13688683328298856,0.20743121675573692,0.0018
152,0.34470411933074563,0.13705923702616363,0.2078686799876071,0.0018
153,0.34755541459988737,0.13643687313367947,0.20515865178020434,0.0018
154,0.3479823326155291,0.1381260676808171,0.2124332877604125,0.0018
155,0.3461384873016406,0.13546171419023934,0.20814690563638913,0.0018
156,0.3471665238424883,0.13508162633125362,0.20627995804922192,0.0018
157,0.34735442584348936,0.1332016163637051,0.20732976012386997,0.0018
158,0.34578810177617153,0.13325948499894846,0.20304132657762847,0.0018
159,0.34496735124769856,0.1340176238569618,0.20621020969380574,0.0018
160,0.3451918632549755,0.13389671480880233,0.20748851622226896,0.0018
161,0.3450700870509875,0.13319172764718212,0.20027393012016664,0.0018
162,0.3450958798244848,0.13388361433530865,0.20485468343168017,0.0018
163,0.3458257845397723,0.13415634474042246,0.20314554756367606,0.0018
164,0.34529962037074363,0.13324422744924122,0.2012818513924214,0.0018
165,0.3454119066818286,0.1321237518397442,0.19615072761893557,0.0018
166,0.3467487888568539,0.136491248061456,0.2102592644824125,0.0018
167,0.34501314895637963,0.1343532818947932,0.20244393699789276,0.0018
168,0.34336829854775286,0.13031585303536009,0.19503701449359712,0.0018
169,0.34545773684473363,0.13339770890593014,0.20277195448418292,0.0018
170,0.34642402512037146,0.13555040838027876,0.20762409134255386,0.0018
171,0.3456760855802035,0.13252951206599584,0.20342599101645104,0.0018
172,0.3454670921220618,0.13076276873898188,0.1989412771692978,0.0018
173,0.3439474503620196,0.1363860613165689,0.20821604981217606,0.0018
174,0.34422523982949177,0.1343367942973169,0.20353781351174188,0.0018
175,0.3442372759267435,0.13346271925429093,0.2061214454816889,0.0018
176,0.3443300788432865,0.1381830495662582,0.21068701994190112,0.0018
177,0.3432459216249191,0.13895984611106124,0.21384503061327306,0.0018
178,0.34400389242475315,0.1374455110649368,0.2130804124777219,0.0018
179,0.3428647706316689,0.1340567678809021,0.20438555653970109,0.0018
180,0.3425293468822867,0.13561653847489577,0.21002342249937672,0.0018
181,0.34399911331928384,0.1341938460154279,0.20508741714290019,0.0018
182,0.3438809786812734,0.1328116112833111,0.19884577217153263,0.0018
183,0.3437084800611108,0.1299830901024037,0.19203348604687748,0.0018
184,0.34233356153560895,0.13373801633842702,0.20302151506283142,0.0018
185,0.34268900651042744,0.13402023205396926,0.20768904530023508,0.0018
186,0.3428705343503063,0.13074710096679448,0.2002894119907897,0.0018
187,0.3428465721465774,0.1354334305276088,0.20776169836540734,0.0018
188,0.3435050329919589,0.13756612452982886,0.20930487259580316,0.0018
189,0.34482440099877826,0.13354161210147764,0.2047010721552011,0.0018
190,0.34298245432013175,0.1321600255456663,0.20059581192994486,0.0018
191,0.3422996593733965,0.13257303158983394,0.19908107132240918,0.0018
192,0.34251008043854925,0.13631634270475773,0.20508048487878475,0.0018
193,0.34211858109397403,0.13544524766159133,0.20598613898896223,0.0018
194,0.3424400559673875,0.13380284636240453,0.20507955258314142,0.0018
195,0.3416564847200604,0.13297553854112973,0.20251009559680402,0.0018
196,0.34294348285864973,0.1372317671823084,0.21293091427025743,0.0018
197,0.34253156185150146,0.1355948369620902,0.2051645969077563,0.0018
198,0.342256948225579,0.1350251730255339,0.2058557235627112,0.0018
199,0.34250527317241086,0.13658803516024276,0.20685209477946873,0.0018
200,0.34204377953783943,0.13565928960617285,0.20639388680765108,0.0018
201,0.3418583594641443,0.13354403377738763,0.20462228899055968,0.0018
202,0.3420578447186341,0.13583882204936545,0.20571623149941443,0.0018
203,0.34210755082510286,0.13477746743105198,0.20554582867677754,0.0018
204,0.3405494510622348,0.1358290994047831,0.20728792114929717,0.0018
205,0.34169255171791985,0.13384658710893962,0.20517136836713962,0.0018
206,0.3410487427549847,0.13024603775480734,0.19382046441831563,0.0018
207,0.341093832532228,0.13694028242166334,0.20917441720074592,0.0018
208,0.34157199046369324,0.13531133294966546,0.2084464932178476,0.0018
209,0.3404135462843766,0.13557409717932878,0.2017472583968985,0.0018
210,0.34045108508760646,0.13724400073548526,0.20897504721816085,0.0018
211,0.3395694538445796,0.1358694319585073,0.203918632579601,0.0018
212,0.34003936410960506,0.13720210846879652,0.20933804763449235,0.0018
213,0.3411292006908837,0.13749495836558018,0.2117164546564932,0.0018
214,0.34009069785223167,0.13050582322395393,0.19707817495309407,0.0018
215,0.34016820333771786,0.1322566664019979,0.20025593021475027,0.0018
216,0.3393836661668147,0.13304089714482864,0.2010421315056729,0.0018
217,0.3401850285166401,0.13110854910946165,0.1983421038653951,0.0018
218,0.3403864559733262,0.132859544726675,0.20494647783701456,0.0018
219,0.34076317374484016,0.13518836101534829,0.2080938809731109,0.0018
220,0.3415580235295377,0.1336227419624911,0.2034518443275407,0.0018
221,0.3402769195578866,0.1313230799747937,0.19789577127656735,0.0018
222,0.3400507134906316,0.13522300064773543,0.20564751954443922,0.0018
223,0.33976716560832526,0.13179917228756247,0.2014218277289287,0.0018
224,0.3402363564503395,0.13307595505542438,0.20573248393144158,0.0018
225,0.34067894745681243,0.13622958808626343,0.20604413651534284,0.0018
226,0.3408132656398466,0.13259981007058488,0.20027537364472703,0.0018
227,0.3415407481587539,0.13427453467039024,0.20261562161085084,0.0018
228,0.3403925751730547,0.1344665280861709,0.19737738236613966,0.0018
229,0.33930050063941436,0.13274700496071626,0.19850970980110208,0.0018
230,0.3396497527926655,0.1348039652006496,0.20634160760908465,0.0018
231,0.3392758538662377,0.1321960873239627,0.19866303664840182,0.0018
232,0.33843260359461025,0.1333271648917873,0.20140252093649888,0.0018
233,0.3388718523211398,0.13197368415290894,0.1993292673846027,0.0018
234,0.3390085097339194,0.13296807521854528,0.2007763157064759,0.0018
235,0.3406069464350151,0.13252045742720442,0.20111840686009935,0.0018
236,0.34152414245625673,0.13984057828415403,0.210120064284352,0.0018
237,0.34183235681158003,0.1368814656891471,0.20503921476257056,0.0018
238,0.3386335804805917,0.1379451161900723,0.2117783709848999,0.0018
239,0.3393368628823151,0.13201888360596709,0.19711315416510694,0.0018
240,0.3385494516183764,0.13288626867634096,0.19937045105665452,0.0018
241,0.3381029684412277,0.13709115630101623,0.20572838108700534,0.0018
242,0.3372768026034711,0.1334863572402845,0.2015609359057841,0.0018
243,0.338610459182222,0.1344201989721138,0.20123440563088907,0.0018
244,0.338017790120537,0.13564835488429264,0.20500626745312625,0.0018
245,0.33673112624782625,0.13672366822101673,0.20573151724403477,0.0018
246,0.33825507785304115,0.13190278196868524,0.2005130198010865,0.0018
247,0.3373159973298089,0.13156638900054954,0.20196064720589665,0.0018
248,0.33731130687362054,0.13973378659028873,0.2139923547035793,0.0018
249,0.33886001158063694,0.13560385999763921,0.20412531220619298,0.0018
250,0.3385257921734099,0.13627059360314991,0.20323102225008838,0.0018
251,0.33718997353719454,0.13486314258193238,0.2048392638380343,0.0018
252,0.33740612220461086,0.13471961366792268,0.20217182564695887,0.0018
253,0.3384670872809523,0.13859400077999656,0.20984353312705328,0.0018
254,0.3386494139746084,0.1374020838721403,0.2116475233378372,0.0018
255,0.33725947634143344,0.1360146178738945,0.20269114871204413,0.0018
256,0.3370216078424858,0.13405392606776922,0.20304832390724242,0.0018
257,0.33697945106837707,0.13927439752065043,0.21029575507300563,0.0018
258,0.33816031265561863,0.13913180616949947,0.21162104725697584,0.0018
259,0.33656770344507897,0.13874681547023743,0.21323440206359956,0.0018
260,0.3369478560605292,0.13535674618936358,0.2057004531160195,0.0018
261,0.33831505186982075,0.13782011359251123,0.2066062187670516,0.0018
262,0.33767930847608435,0.13746870350717927,0.20821755840223496,0.0018
263,0.33768496573981593,0.1347173772737673,0.20399322924416521,0.0018
264,0.3370836344310793,0.13025625613652583,0.1951822434748505,0.0018
265,0.3363864938333883,0.1296985190157934,0.19483774768630258,0.0018
266,0.3358078172146264,0.13299486299436752,0.1985450766175848,0.0018
267,0.3366479805465472,0.1333573930833343,0.2007104433957582,0.0018
268,0.33588624720351173,0.13362052167979266,0.1984064462073901,0.0018
269,0.33543233371387093,0.12898953187515605,0.19831285227626763,0.0018
270,0.3369168640445855,0.12988057290199467,0.19781369300917864,0.0018
271,0.3373677176186594,0.12564091923196255,0.1881464657282888,0.0018
272,0.335671048421981,0.12904761429703937,0.19478357787025014,0.0018
273,0.3373711836540093,0.13066701897015248,0.19620449124037573,0.0018
274,0.33644832468638985,0.1298928423961139,0.19494552403709162,0.0018
275,0.3366530320401919,0.1365530695806886,0.2068851080839187,0.0018
276,0.3358811338321637,0.13256800791363066,0.20021006647433948,0.0018
277,0.33652972366850253,0.13130522228380742,0.19784142578366884,0.0018
278,0.33736898964744505,0.12983892168748837,0.1929615143229872,0.0018
279,0.33632741830611634,0.12768349875724816,0.18990328438214135,0.0018
280,0.3363357162324049,0.1332811028561123,0.20291272647878658,0.0018
281,0.3367594176177251,0.12834705035001628,0.19253690989264194,0.0018
282,0.33660909280938617,0.13124701716698287,0.19799041369172338,0.0018
283,0.33561070781137986,0.12851382437833916,0.1917166430952073,0.0018
284,0.33541963691428556,0.13271839039354738,0.20555279347364225,0.0018
285,0.3352868022807574,0.13214152649476016,0.20052209643813224,0.0018
286,0.33605640267921705,0.12625749043601098,0.19274335528343922,0.0018
287,0.33431270718574524,0.13465942622222504,0.20501342651697946,0.0018
288,0.33502438033031207,0.13214982761310468,0.20331449106013152,0.0018
289,0.3353364809842433,0.1287660058594889,0.19394369010697843,0.0018
290,0.33666831292843413,0.13108667966570126,0.19948702240383134,0.0018
291,0.33466094707028343,0.1297394173295242,0.19627201621475623,0.0018
292,0.33604609461153967,0.1297030494335462,0.19777759467059094,0.0018
293,0.3365740586640471,0.12953881357936034,0.19275928052895944,0.0018
294,0.33534352797067773,0.13148256790655827,0.1989656414099781,0.0018
295,0.33641725980629356,0.13339868302940264,0.19918082788575012,0.0018
296,0.33570480851803797,0.1289628023484473,0.19744820337277455,0.0018
297,0.33469909341153453,0.1351882631072639,0.2100621950299542,0.0018
298,0.3348836444192014,0.13153135587681059,0.20099746218191378,0.0018
299,0.33585842054779247,0.13181905878277836,0.1993181644220311,0.0018
