0,0.40936502458852364,0,0,0.001
1,0.3543819131654337,0,0,0.001
2,0.34758348831342994,0,0,0.001
3,0.3434924220820086,0,0,0.001
4,0.34160635654532584,0,0,0.001
5,0.3377923776797198,0,0,0.001
6,0.33673175813954903,0,0,0.001
7,0.33586456291719313,0,0,0.001
8,0.3347961536241234,0,0,0.001
9,0.33136018591189603,0,0,0.001
10,0.33220223795383347,0.2236675953291057,0.39013113583292586,0.001
11,0.33053224321899066,0.22432341903937716,0.39230227744244217,0.001
12,0.3302428634888535,0.22427242307068082,0.39128315962041155,0.001
13,0.3310455148099759,0.22197453564917216,0.3872829769293491,0.001
14,0.32955075677381745,0.2221032039360526,0.3846797281652903,0.001
15,0.32958621716280595,0.22218449348679412,0.38466399259806383,0.001
16,0.3286890007487131,0.22196354143714062,0.3860245279487854,0.001
17,0.3284678013499724,0.2205425040214482,0.3834684493926629,0.001
18,0.32903674026148033,0.2203145322220221,0.383503307995904,0.001
19,0.32684678249402876,0.22198652436813862,0.38781603741770493,0.001
20,0.3287083175751047,0.22134082851053322,0.3853222643775905,0.001
21,0.3278659182950991,0.22124051607182937,0.38321984017183447,0.001
22,0.32780695781795255,0.21980285570368988,0.38041113713933267,0.001
23,0.32825563465236524,0.22342336441355987,0.39073087290683634,0.001
24,0.32718574276211065,0.22067899135497032,0.3846426671961099,0.001
25,0.32726959433030645,0.22169243602576305,0.38801979095187633,0.001
26,0.32568950568317273,0.2229277616587869,0.38705577883931086,0.001
27,0.3262485372363974,0.2221588744596211,0.3878782022283111,0.001
28,0.32593139213159544,0.22229731326459903,0.3868127637003265,0.001
29,0.3246749535613104,0.22233053347705906,0.3825805671608349,0.001
30,0.323565002838406,0.22139894018237863,0.3871634339659136,0.001
31,0.32584003680342927,0.22299208838288131,0.3897382682611099,0.001
32,0.32967351308656395,0.22144161143538282,0.3902383557087212,0.001
33,0.32742025901418215,0.22018739142900087,0.38132712317130446,0.001
34,0.3258905368387152,0.2214179028766381,0.381735118343462,0.001
35,0.32759820622041685,0.22267825676815065,0.3879557832858911,0.001
36,0.32795849606531474,0.22215292923036395,0.3860398252764928,0.001
37,0.32638777286634535,0.21997408335040222,0.3838468726780177,0.001
38,0.3229227359962026,0.22271873740032747,0.3865904733895402,0.001
39,0.3231352545799465,0.22189029713132816,0.3880618867992072,0.001
40,0.321439792940376,0.21949542339266442,0.3812794853086337,0.001
41,0.3241497726615416,0.2221018219452642,0.3869694254409192,0.001
42,0.3220072003132706,0.22023496118052246,0.38348864191557286,0.001
43,0.3228001805073624,0.2195655688238863,0.37847333172588277,0.001
44,0.3243339706998353,0.21986771316006645,0.3801720630100079,0.001
45,0.3237429920139663,0.21986585764198704,0.38011531885731553,0.001
46,0.3212686960303455,0.22128042161295003,0.38227826274517435,0.001
47,0.3196474904314094,0.22024558688964166,0.38134811021963116,0.001
48,0.32215118162128903,0.22107367260305003,0.38194352844779994,0.001
49,0.3210253144076111,0.22222819018252127,0.3856265871174684,0.001
50,0.3203990161418915,0.22042891153057853,0.37988584321164304,0.001
51,0.32015459594923423,0.21913147779379752,0.3806473520153414,0.001
52,0.31987008151658086,0.22070831696145135,0.383080664518385,0.001
53,0.3202236393176088,0.22051877380765186,0.38273947303068073,0.001
54,0.3199818888935474,0.22196261509380646,0.3885736978618071,0.001
55,0.32403174972315446,0.22389974414155206,0.39310203687988765,0.001
56,0.32225557177438646,0.22099880049801818,0.38700957068194847,0.001
57,0.32347538219679384,0.22008946791476905,0.3865980146957228,0.001
58,0.3228122649389669,0.22213694240161244,0.39082097359917756,0.001
59,0.3214093575236994,0.22194247128164665,0.3908639644870195,0.001
60,0.3249843733026347,0.21994490497729877,0.38686850647729076,0.001
61,0.32079683380936264,0.22025330049243635,0.38580157351479394,0.001
62,0.31881463431983914,0.2216183335402172,0.38711425660210375,0.001
63,0.31949806172366535,0.22083754277415235,0.3854812400889103,0.001
64,0.31932149554064515,0.22214113871017505,0.38666544066141706,0.001
65,0.31871605056141494,0.21904975592852663,0.38386171383393564,0.001
66,0.3177419427884828,0.2196772812577803,0.38501819835231965,0.001
67,0.3191362428008963,0.21916810272568132,0.3773846429082935,0.001
68,0.31610329503859946,0.21888563674913497,0.38142777684744233,0.001
69,0.3154326383400401,0.22077704264973677,0.3851114812361438,0.001
70,0.31578112209061965,0.22009448077083507,0.38363174300592073,0.001
71,0.315499221102907,0.22312177728859908,0.39275969049105297,0.001
72,0.3188812091536478,0.22405951684272532,0.38953856852114044,0.001
73,0.31677197507762034,0.21884090124013245,0.37866048414618236,0.001
74,0.3143033952614583,0.2196291895303776,0.3846262045854314,0.001
75,0.3129104113360064,0.21887920965565408,0.38264100724882544,0.001
76,0.31190109075209416,0.2173626141599764,0.37998814178033335,0.001
77,0.3140630866956273,0.21838398284935598,0.3807941982760806,0.001
78,0.31323934968458406,0.2191019275096017,0.38129979926762003,0.001
79,0.314583478717629,0.2205806338483359,0.3871690919118082,0.001
80,0.31461709067908994,0.2185176720670674,0.38190564039197505,0.001
81,0.3122888226574714,0.2200735852190261,0.3820382904293262,0.001
82,0.3112616139814394,0.21936103906352597,0.3818180421951504,0.001
83,0.3103945218368408,0.2191356844317673,0.3812685593650741,0.001
84,0.31113971947529995,0.2201519981085155,0.3840834888279005,0.001
85,0.3113788080598236,0.21961630660983644,0.38477527822290797,0.001
86,0.31203416235950016,0.222942020592693,0.3918238189869757,0.001
87,0.3111196738590888,0.21833092010785143,0.38212348648842787,0.001
88,0.3112624340921367,0.2182721917127199,0.38061740606767136,0.001
89,0.3113220563722313,0.2216183445512604,0.3900113393008956,0.001
90,0.3105047671893321,0.21828840458245816,0.38411325387986095,0.001
91,0.30853218058927345,0.22174923738346797,0.3915110660351283,0.001
92,0.30944302267984514,0.21733907742593908,0.38061700117588304,0.001
93,0.31039108623058426,0.2225203374352817,0.3910212663624733,0.001
94,0.3107640383713836,0.21814506717409576,0.38279043449808914,0.001
95,0.3092694210076551,0.22048335264495728,0.38779797584625414,0.001
96,0.3076862381138933,0.21783422143967907,0.3799489784884061,0.001
97,0.3086411529177919,0.21850355271124222,0.38224458295275743,0.001
98,0.30900452402206735,0.21796810770263017,0.38245640962649763,0.001
99,0.3071497011622158,0.218315518961731,0.3836038441684809,0.001
100,0.3074088212820368,0.21818868060536292,0.38364038793323246,0.001
101,0.30743798053045884,0.21801663284566655,0.37937650853265736,0.001
102,0.30857603716740917,0.2188190153760717,0.382761784550203,0.001
103,0.30779072984096106,0.2179375000961197,0.38182860367318033,0.001
104,0.3082105265844853,0.2180840732830431,0.3822265127297727,0.001
105,0.30583164998150747,0.21765589502585078,0.3832466530058141,0.001
106,0.3072795586301646,0.21936097593354498,0.3887832848893618,0.001
107,0.30743917139298327,0.21851542570938803,0.3844017238635527,0.001
108,0.30554743152145947,0.21925590289653143,0.3846655223465646,0.001
109,0.30743580564446404,0.21842726128274223,0.3834284575983856,0.001
110,0.30824320113987,0.21978382337769056,0.3876095227858024,0.001
111,0.30483446318075197,0.22154641685161314,0.3890456251956537,0.001
112,0.30737615561266557,0.21940114149258574,0.38873442023917865,0.001
113,0.30677659358453313,0.21962560894886393,0.3872209216786227,0.001
114,0.3040851402446764,0.21927012559886205,0.38397612455013874,0.001
115,0.3070144835141821,0.22223887776321655,0.39061050364325944,0.001
116,0.3053844017446588,0.22096323058137332,0.3866232623885628,0.001
117,0.3055729557067976,0.21899848893086699,0.38876953304021694,0.001
118,0.30688577740017425,0.21813808260722786,0.3853750121508061,0.001
119,0.3053302018467439,0.2188451025823148,0.38424203762534564,0.001
120,0.3063399078102287,0.21958490720445298,0.3846915231947591,0.001
121,0.304557011214965,0.2191934437502304,0.3877548698143605,0.001
122,0.30428678234782786,0.2204476643858148,0.38548991207192823,0.001
123,0.305406552935959,0.21854905170500666,0.3824317637658184,0.001
124,0.3033634175401215,0.21857374617158587,0.38412285959934167,0.001
125,0.3039262272896023,0.2177930211047454,0.3833493155681323,0.001
126,0.3044697777667177,0.2197723638704336,0.38646367650814945,0.001
127,0.30402982781786436,0.22107636134249825,0.3857444060661411,0.001
128,0.3030694191335538,0.22093068880647487,0.386884740372872,0.001
129,0.3050244322063726,0.22028032106810783,0.3879022881774439,0.001
130,0.30407181122434246,0.21881745490151644,0.38397948008690164,0.001
131,0.3029812564817044,0.21994357169726816,0.3876148316816278,0.001
132,0.3042840851009439,0.22063459666397153,0.38682305430669384,0.001
133,0.302602414827828,0.21957012073671064,0.38874541885562336,0.001
134,0.30302987733018505,0.21782964383442058,0.3851553234349252,0.001
135,0.30352839239693563,0.22007982538694032,0.38926443727519583,0.001
136,0.30474602164478476,0.21965193902725982,0.38642489435561733,0.001
137,0.30246028058025815,0.2179658837865055,0.3822914940865774,0.001
138,0.302497516668171,0.21766416683610204,0.3820970406367878,0.001
139,0.3018370630270844,0.2186923175940218,0.3832193270572216,0.001
140,0.30208140146841694,0.21779306063963386,0.3817985131662432,0.001
141,0.30275945174037866,0.21782092812182785,0.3821777229546833,0.001
142,0.30344099107138606,0.21784486985252066,0.3830625386109819,0.001
143,0.3009618478357245,0.2164020568405001,0.38047364510123494,0.001
144,0.2993847500840458,0.2191251714023235,0.3846110150086467,0.001
145,0.3010734344294312,0.21833274159656402,0.38556025014394596,0.001
146,0.3005162042762161,0.2181014553158348,0.38397139688009335,0.001
147,0.3024820865841087,0.21856737376628618,0.3830203077997215,0.001
148,0.30015262182152597,0.21947403365475002,0.38687746742154216,0.001
149,0.30286832577591644,0.21952817264707683,0.3850344855728101,0.001
150,0.3020629612130856,0.21977276671731402,0.3823703015384183,0.001
151,0.301041314771416,0.2212001748079993,0.3861446581154244,0.001
152,0.3007946157947593,0.21762990298648105,0.3830412794325877,0.001
153,0.300522248405929,0.21787579263703427,0.3825936698303332,0.001
154,0.29935457222505446,0.21765855508415316,0.38045651805275005,0.001
155,0.29951889389151826,0.21792140693215106,0.3795835881883763,0.001
156,0.3002270004891474,0.2190460630343723,0.3847540687515088,0.001
157,0.30059910353717456,0.21745797729206354,0.3821040870752291,0.001
158,0.29979820440121746,0.21720626757111083,0.38217290279187505,0.001
159,0.29980075373015275,0.2197262505128923,0.38605722508424767,0.001
160,0.2999987583094781,0.21706340285110284,0.38293353322892776,0.001
161,0.2987233441357219,0.21729208680285617,0.38340391838752474,0.001
162,0.2991634555366061,0.21665806191697065,0.3802511735801378,0.001
163,0.3003880790340791,0.21818794868559152,0.38469418299089275,0.001
164,0.3014563926316183,0.21752732043770465,0.38378287570847447,0.001
165,0.2985560937758979,0.21827003543586057,0.3851825682163993,0.001
166,0.30048503842922525,0.21837072460954238,0.38405026567917483,0.001
167,0.29922818194288725,0.2199742012734315,0.3849361572716941,0.001
168,0.2989299684216123,0.21936676449138748,0.3847756143743266,0.001
169,0.29833378348875483,0.21818821856101694,0.38567543603758986,0.001
170,0.29855374103292415,0.21957797879390537,0.3884468032967332,0.001
171,0.298409791031015,0.21898791261414155,0.3829030458525338,0.001
172,0.2994186078463126,0.21769004236814807,0.3831824384895175,0.001
173,0.30024808658919205,0.21857974074080325,0.38480661580913705,0.001
174,0.29931144430003037,0.21785547804883784,0.3827030131071581,0.001
175,0.29699203166939797,0.21960400612104689,0.3887358471130759,0.001
176,0.2978342577404932,0.21848427919096333,0.38577253613548795,0.001
177,0.2993107674592132,0.21952041442334042,0.38933017351766175,0.001
178,0.29996614841693037,0.2198588424539323,0.3872153609445094,0.001
179,0.298420516586085,0.21912817206889545,0.3866765154113604,0.001
180,0.29891101373445006,0.21730373140050593,0.3838698379389044,0.001
181,0.29704237886525076,0.21784288267382473,0.383279132594523,0.001
182,0.2963671301483014,0.2179672951925093,0.38333148963300584,0.001
183,0.29764564212309114,0.21998567457070922,0.38852964031848103,0.001
184,0.2992614171373735,0.21893917181195915,0.38454562514213947,0.001
185,0.2975919317761692,0.2191764229320891,0.38693709520914626,0.001
186,0.29659448878480754,0.21854755215822377,0.3861408501820869,0.001
187,0.2978826638208617,0.21817188394060102,0.3830879143465242,0.001
188,0.29880930209925416,0.21681659446007862,0.38100726636629056,0.001
189,0.2973305250799984,0.21691545029506804,0.38114937426054235,0.001
190,0.2966126508395606,0.21933842196132983,0.38532291324263584,0.001
191,0.29702770409234075,0.2198424719689757,0.3856959582625931,0.001
192,0.2984628881062936,0.21862304822237014,0.3840369718894268,0.001
193,0.2959123482124521,0.2192324233150517,0.38849998584885437,0.001
194,0.2960896399043022,0.21903050474493535,0.3855916124263719,0.001
195,0.2983367905157422,0.21699001676500085,0.379081131478871,0.001
196,0.2972896060812364,0.21863643167347493,0.38659856084346517,0.001
197,0.2972520766181683,0.22022165653702683,0.38552976858767485,0.001
198,0.2984420643487108,0.22009125715685512,0.3905565388351697,0.001
199,0.29581286696665876,0.21886919537403357,0.38812748870694624,0.001
200,0.2967734339587185,0.21740107777877357,0.3809332608303863,0.001
201,0.29853039132345704,0.2203687340821622,0.39143126098277414,0.001
202,0.2975974199148493,0.21678495249714358,0.3832808915300228,0.001
203,0.29602199615141667,0.21730683478438084,0.3862687990545466,0.001
204,0.29647631546772946,0.21798186453296647,0.3856564792683274,0.001
205,0.29632375450856097,0.22181699383778428,0.3897488144809799,0.001
206,0.2972937442293955,0.2185758251089751,0.38635135175542906,0.001
207,0.29669736189032914,0.21679596873126153,0.38323962796025673,0.001
208,0.2955550297137794,0.2175368320389864,0.38368360895187714,0.001
209,0.2964554398978522,0.2181786253207149,0.3877037386195863,0.001
210,0.29598131830539176,0.21567525662741302,0.37824923088499424,0.001
211,0.29624533393514263,0.21758698057682485,0.38334316936112234,0.001
212,0.29553204460428395,0.2172449075238998,0.38450969815310737,0.001
213,0.29660925624567436,0.221289278004728,0.38966948840900467,0.001
214,0.2965123143491395,0.21775339277974565,0.3841132867556899,0.001
215,0.2968371954806354,0.21765765160184203,0.38202115362820305,0.001
216,0.29459225270179434,0.21676959775470517,0.3822320167570135,0.001
217,0.29521367063216114,0.21771892601232856,0.38495717090382503,0.001
218,0.29563119064230436,0.2173244466858077,0.3819406548801277,0.001
219,0.2950995373069693,0.21765245444188633,0.3846965489494738,0.001
220,0.29553268043273084,0.21661947764860015,0.3828097863278513,0.001
221,0.2950838774169257,0.21729949539975427,0.38276874793391846,0.001
222,0.29389400288052514,0.2188975355970155,0.38485785082231855,0.001
223,0.29484957278868473,0.2187656019590581,0.3891019266257594,0.001
224,0.29490048308438116,0.21936956412777078,0.39053345087980174,0.001
225,0.29440049553683045,0.21789782914265268,0.38676129887094357,0.001
226,0.2954118037169133,0.21776530206190045,0.3893734268615832,0.001
227,0.29462518836926976,0.22110186900083437,0.39571248922570423,0.001
228,0.29535086370936225,0.22164596501905198,0.40183348456465573,0.001
229,0.29625480929645925,0.21831326248437855,0.3879582761860701,0.001
230,0.2961982280836193,0.21772969879752477,0.38798756139249824,0.001
231,0.29435507105577974,0.21791971175583402,0.39094229036302125,0.001
232,0.2941988136516799,0.21809153268804052,0.3910497612119511,0.001
233,0.2950372039724927,0.2188843819621123,0.3935820802963715,0.001
234,0.29629865384429965,0.218626820448469,0.3930951118775227,0.001
235,0.2951182248668933,0.21863048607718302,0.3897027573322099,0.001
236,0.2962586015736291,0.2197675932048844,0.3931166843200957,0.001
237,0.29411847424616505,0.21871507883601676,0.38848667963235756,0.001
238,0.29511624547319676,0.21809133994235103,0.38830264829225114,0.001
239,0.29481884932846103,0.21731520275774271,0.38573919650565536,0.001
240,0.2949877051858727,0.2187592072170708,0.3890212121398877,0.001
241,0.29410220928695224,0.2161729485965489,0.3848439685709621,0.001
242,0.2940502345835397,0.21680915136191184,0.384406511937035,0.001
243,0.2954767953365221,0.2167151963325155,0.3836198331470015,0.001
244,0.2950034536626361,0.22089458134118783,0.39190283840139806,0.001
245,0.29479126099052777,0.21870131513688684,0.39054975540336007,0.001
246,0.29436229101014794,0.21843517014803626,0.39059247652064377,0.001
247,0.2936080757084243,0.2191338226216632,0.39344180967332676,0.001
248,0.29306142537965685,0.22172518187199544,0.39749232667423745,0.001
249,0.2955192738990171,0.22024041904003427,0.39342995597072783,0.001
250,0.2935634129637972,0.21697196022716297,0.38680034041219324,0.001
251,0.2939986139535904,0.2181751927590819,0.3888103700107096,0.001
252,0.29280850414289245,0.21740622371116164,0.3873060145485196,0.001
253,0.2929335980240358,0.22053887409997427,0.3922275470652946,0.001
254,0.2931365861531791,0.21772297881029481,0.3846231085946866,0.001
255,0.2939896713429635,0.21691221315323503,0.38398958570774333,0.001
256,0.2929567604436787,0.2172276191374088,0.38673197363150835,0.001
257,0.29311325038791797,0.21694213655449462,0.38636704154817597,0.001
258,0.29432823857583035,0.21948628800202524,0.3890787648177517,0.001
259,0.29438438109301646,0.21967981725832933,0.391526053952522,0.001
260,0.2944345304725367,0.2181224582515317,0.3882786741052067,0.001
261,0.293748452029097,0.21669536423774524,0.384583482524344,0.001
262,0.2952409374331116,0.21891154096232682,0.38987313088894043,0.001
263,0.2933286256199583,0.21846656273705967,0.39103033183298475,0.001
264,0.2934358039306938,0.2217056870821818,0.39414668695157457,0.001
265,0.29279321281734955,0.21806071519007328,0.3892708672525189,0.001
266,0.291680304555718,0.21817534271900355,0.3887698436302853,0.001
267,0.29413163320187036,0.2180500102538766,0.39007285139259135,0.001
268,0.29168801747877665,0.21935980472558353,0.3911809337246063,0.001
269,0.2923766437473647,0.2180400906672276,0.3874583993639851,0.001
270,0.2933946093288037,0.22008919861611256,0.3919680026201701,0.001
271,0.29253803672046835,0.21978686641056205,0.3966803064401961,0.001
272,0.2933060427051072,0.2175041863408136,0.38678350790911376,0.001
273,0.2942040289213898,0.21932667212956725,0.3915417961263744,0.001
274,0.2901790650612717,0.21860783997923977,0.390415291847195,0.001
275,0.29462423674557187,0.21989147027226832,0.39240773948384194,0.001
276,0.291969718872954,0.21951310607936894,0.39242458236876215,0.001
277,0.2931900612258036,0.21725389216811425,0.3853349119764037,0.001
278,0.29109130922807464,0.2200752098722331,0.3904862452792266,0.001
279,0.29117250797945426,0.21872382118484732,0.38722603835309405,0.001
280,0.2913685628306975,0.21922258521012233,0.3886936402115094,0.001
281,0.29240019810855933,0.21690717906158571,0.38572573416829614,0.001
282,0.29030583785214553,0.21990905679586226,0.3915800242661333,0.001
283,0.2907072263299872,0.2190800134887305,0.39052880186006483,0.001
284,0.2922357851212178,0.21811952286471586,0.38944853499616267,0.001
285,0.29248150773004655,0.21946956909620172,0.39170121322322565,0.001
286,0.29176044587148436,0.21755090535816432,0.38775712031428866,0.001
287,0.2916623486564794,0.21904412482860183,0.38917270915067054,0.001
288,0.29129086872306437,0.21855233352021491,0.3906233997770476,0.001
289,0.2913081082729025,0.2166868783413541,0.3870591026013491,0.001
290,0.290686793283585,0.21789301689730703,0.38918232304978334,0.001
291,0.2902382494659599,0.22064339936380553,0.39548918275293177,0.001
292,0.2904429878663579,0.21781414773116092,0.3871083130769388,0.001
293,0.29211334774800396,0.21895497690606433,0.3886078991057696,0.001
294,0.2907773524249366,0.22008024170924026,0.39368279681410584,0.001
295,0.2903851222827894,0.21809168186145908,0.38866665088623736,0.001
296,0.29063303426865045,0.21819746086364222,0.38908223093684835,0.001
297,0.28992095575966964,0.21890894225126512,0.38999363535239767,0.001
298,0.2897963666040963,0.21799903268935245,0.39206254548193686,0.001
299,0.2916349955928435,0.21904055132561592,0.3914262285427832,0.001
