0,0.40517976302821357,0,0,0.001
1,0.3694328975838584,0,0,0.001
2,0.36346050358570375,0,0,0.001
3,0.3574120000944481,0,0,0.001
4,0.3567521906382329,0,0,0.001
5,0.35441373140962273,0,0,0.001
6,0.35434101736760354,0,0,0.001
7,0.3526475471150768,0,0,0.001
8,0.3529771301928941,0,0,0.001
9,0.35255102235991675,0,0,0.001
10,0.3513103982618263,0.2986552542451485,0.4697548404339113,0.001
11,0.35077570660694224,0.29844601154234235,0.46080983417836807,0.001
12,0.35011638539868434,0.2979281024559392,0.4581010512350328,0.001
13,0.349257308754835,0.2956840608345479,0.4611279762829875,0.001
14,0.34946617416970366,0.3059469941345678,0.47587236300738356,0.001
15,0.3507257842265808,0.3013660759573246,0.46418163307638977,0.001
16,0.34884164770981213,0.29474597953029463,0.4562000422082336,0.001
17,0.3494236463899011,0.30267951071115745,0.46768357908369007,0.001
18,0.3485763530741941,0.2996083624081065,0.4704953717659398,0.001
19,0.34764190528306876,0.3010051801749291,0.47464614900939717,0.001
20,0.3535071252971082,0.29483712613332286,0.4613859430956557,0.001
21,0.35261816726074563,0.30605277361854,0.48345058876056335,0.001
22,0.3577118087727744,0.29902993064040145,0.4665340183201985,0.001
23,0.3541716519776765,0.2948795233056399,0.4540612488669631,0.001
24,0.349048968505215,0.3039183950485337,0.47828104124174037,0.001
25,0.3481308688988557,0.301832051381449,0.4742199443251404,0.001
26,0.3479598420965779,0.30585506615919394,0.47799359673966607,0.001
27,0.3467511697126938,0.3010180518031072,0.4782968742862421,0.001
28,0.3464715304943892,0.2976763385132693,0.46313268400338176,0.001
29,0.3463664687163121,0.29704313370885804,0.462148871151784,0.001
30,0.3453096738001248,0.2963595250709793,0.46123425077076347,0.001
31,0.34555364138371236,0.2982212026668017,0.4625441830170094,0.001
32,0.3463685916619258,0.30240780126455136,0.4704812151525077,0.001
33,0.352429632936512,0.299904810417139,0.46308980853816856,0.001
34,0.3478304800149557,0.297186756832982,0.4663276000538278,0.001
35,0.3476727918998615,0.3079586329337602,0.4834557927611334,0.001
36,0.35033238350271106,0.295891582290042,0.4507717515683813,0.001
37,0.34731841181312595,0.2933566103738611,0.4511908380670678,0.001
38,0.3457522373478692,0.2977426705941486,0.4589466736023649,0.001
39,0.34573098480164466,0.29839150841585016,0.46269796347466574,0.001
40,0.3446659735731176,0.29822756353396457,0.45456592602106205,0.001
41,0.3446220477690568,0.3034722917006138,0.4682177741858479,0.001
42,0.3438418617656639,0.29662342535171343,0.457312317382471,0.001
43,0.34357388559225444,0.29820200511293316,0.45710179197391937,0.001
44,0.34460419349305266,0.29815812571323097,0.45588944442322615,0.001
45,0.3432572874668482,0.2986247705957097,0.45908833696513096,0.001
46,0.3436512785988885,0.30090671611863257,0.47171346187163365,0.001
47,0.34261516542048065,0.2956833594731101,0.45577923446224144,0.001
48,0.342427784660915,0.29672661866033334,0.4576863529294996,0.001
49,0.3422772806506973,0.2944259328610714,0.4542378104049137,0.001
50,0.3422341812569816,0.3011618759672967,0.473848888678015,0.001
51,0.3424530958270167,0.2961063508094615,0.4618770629585309,0.001
52,0.3423824470053922,0.29517348996373716,0.4590676607287397,0.001
53,0.34096864510226893,0.29760774485825187,0.47256738739620285,0.001
54,0.34164294707882514,0.30035037951501065,0.47158658862638314,0.001
55,0.33819334088145075,0.29711258570873983,0.46153226582778345,0.001
56,0.3389106519050426,0.2918048681953998,0.4569639638175287,0.001
57,0.3383695575836542,0.2981137252298323,0.47047215695563166,0.001
58,0.33681445924548414,0.29603549507390775,0.4685881636662094,0.001
59,0.33726635078589123,0.29308162807601124,0.4628929346108962,0.001
60,0.3370800633151252,0.2991774125184288,0.4740955876254874,0.001
61,0.3376340235138799,0.29961030444501197,0.4732894149398959,0.001
62,0.33794437442813907,0.3026682322115594,0.49013647539804456,0.001
63,0.3370105675211898,0.29725315525201895,0.46562724305929,0.001
64,0.33625254404168947,0.2975282889629157,0.4695185487279817,0.001
65,0.3370909090783145,0.2940231933995369,0.46597338771550983,0.001
66,0.33610561060475874,0.2966485599174932,0.4680254046701039,0.001
67,0.3358232494410094,0.2960692105563402,0.4687548117008117,0.001
68,0.3360349477545635,0.2934274818077575,0.4613863646721141,0.001
69,0.3358995870158479,0.2962585685229882,0.46784233262436087,0.001
70,0.33530993920725743,0.2954846650437696,0.4706942297611568,0.001
71,0.3351303345716751,0.29666944377720145,0.46830040621007957,0.001
72,0.33458770046363007,0.29381479739443767,0.4672663649921566,0.001
73,0.33396879912496685,0.2921748047039682,0.45836003059079833,0.001
74,0.33385369127935116,0.294677385368879,0.4696123194858812,0.001
75,0.33391384545478736,0.29594878350587767,0.4739982695485597,0.001
76,0.33232144279791426,0.29720026247164394,0.47178167218300254,0.001
77,0.3326602388206903,0.29405902410704216,0.46850254338650527,0.001
78,0.33249105405700097,0.29288959176954765,0.4683677171583372,0.001
79,0.33146315564711887,0.2937282620529638,0.4707855303088894,0.001
80,0.3312510088220373,0.28884855529443854,0.4558570962159169,0.001
81,0.332513358746026,0.29209267958398316,0.46147157097133207,0.001
82,0.3303375014582196,0.2942834754654889,0.4719053338511971,0.001
83,0.3319483356432872,0.2867329458654659,0.44679085900329046,0.001
84,0.33126218006149066,0.29092354450220276,0.45602965011892266,0.001
85,0.3312918420310493,0.2950554759004596,0.46986890459120206,0.001
86,0.3301034320045162,0.3012662370300506,0.48241004007323685,0.001
87,0.33168459448728477,0.2980886843477103,0.47511514636276986,0.001
88,0.3303910195827484,0.29397888811899053,0.4651842672279619,0.001
89,0.32959328068269267,0.29459954994762305,0.4664161022453934,0.001
90,0.331126297916378,0.2923061897039998,0.46065972561368435,0.001
91,0.32927298364607066,0.29176720078180435,0.45943181619469775,0.001
92,0.3313804684995531,0.29256548024237394,0.4619445129130802,0.001
93,0.3322764288734745,0.2915982380006498,0.46120643432048253,0.001
94,0.32939329635989556,0.2916233867455778,0.45799657471388205,0.001
95,0.32981893608161994,0.29352278745879223,0.46502250188430466,0.001
96,0.3306020362688614,0.2862078585852857,0.4457743356165084,0.001
97,0.328804209492765,0.2955417148465584,0.47254225460290833,0.001
98,0.3296680767256934,0.2914769247534247,0.4582893743763736,0.001
99,0.3287193943654095,0.289510270821096,0.4588540392019099,0.001
100,0.3280106329837361,0.29289886493247147,0.4686803461063171,0.001
101,0.3292581024202141,0.29218177223611486,0.4611844804415634,0.001
102,0.32857947850281055,0.28896380391741866,0.4542848750488079,0.001
103,0.3278225296520972,0.29317938975807367,0.46284290222065444,0.001
104,0.32803844814901956,0.29274233574509523,0.45738909746970197,0.001
105,0.328070504305599,0.2911162730549375,0.46104394128268633,0.001
106,0.32696388588026837,0.29372110867269613,0.4673449939390266,0.001
107,0.3275096256722201,0.29383266312117157,0.4634473661426536,0.001
108,0.3281525717796506,0.294092032151259,0.4670488186264791,0.001
109,0.32720785386659,0.29170967901593964,0.4545253483374463,0.001
110,0.32776002988621994,0.293772853448465,0.46301865478756327,0.001
111,0.32711472167625083,0.2895549037412455,0.4567552485291578,0.001
112,0.3264902108558663,0.2976232203857175,0.4712480733646642,0.001
113,0.32854795677436366,0.2862781334821613,0.4485590820800607,0.001
114,0.32759307640361357,0.2866817368589398,0.45096067479152774,0.001
115,0.32682579749070845,0.28786906125587197,0.454555200508283,0.001
116,0.32725001925283725,0.2892356445211456,0.45342597416243263,0.001
117,0.32598784606199005,0.288569355712795,0.4553950476579339,0.001
118,0.32646778863561043,0.28998127832363746,0.46188386819004557,0.001
119,0.32682890330885983,0.29362922829874843,0.4689179503962469,0.001
120,0.32448094445574394,0.2954270921316917,0.4672102489877613,0.001
121,0.32611755469629355,0.2939947540794299,0.4780357931249625,0.001
122,0.3261657964673128,0.2935223696803184,0.465876585405096,0.001
123,0.3263931386508383,0.29425611376064514,0.4580479379184573,0.001
124,0.32557966989708376,0.29162178399543287,0.46023453271292775,0.001
125,0.3255727452872036,0.2900792182578487,0.4557566789823222,0.001
126,0.32545017457760134,0.29163042871825245,0.45541692861551974,0.001
127,0.3249817028104722,0.2934722955120466,0.45739361251559135,0.001
128,0.32502664780026086,0.2899938496577125,0.45894476245575355,0.001
129,0.3257720832217921,0.2910751216220696,0.4564386233401913,0.001
130,0.32511927308263006,0.29014200251328875,0.45747494259018395,0.001
131,0.3247446854775016,0.2882519889025819,0.4531151302679251,0.001
132,0.32372511547427996,0.28431995462927195,0.447502924429413,0.001
133,0.3249759345172762,0.285821840390666,0.4531311349813991,0.001
134,0.3241521491257994,0.28734412994632197,0.4533537471009522,0.001
135,0.32470168455227,0.2894622627572764,0.4576934688362782,0.001
136,0.32427316132160994,0.28393329178980725,0.43813057637257125,0.001
137,0.3232142753429241,0.28622134447441977,0.4492001016183834,0.001
138,0.3233491701854242,0.2860485588936305,0.44668370794032,0.001
139,0.3227923852769104,0.2897124285073847,0.4579797959708385,0.001
140,0.32217418650786084,0.28513706247945875,0.44565270814967517,0.001
141,0.32365286645588576,0.2924399623713089,0.46272694666628017,0.001
142,0.32285579763822725,0.2871718097454326,0.45466559657058725,0.001
143,0.32252398938746063,0.28359911509300306,0.4465199349812042,0.001
144,0.32163790975873535,0.285063834268572,0.4486714128364901,0.001
145,0.3220781653045534,0.29112915987506005,0.4592038853753941,0.001
146,0.3227774819678014,0.2850614101406277,0.44946162714403814,0.001
147,0.3226239886638281,0.2886757231250195,0.4583508956746028,0.001
148,0.32150968291738014,0.2874997152075465,0.4547389326440122,0.001
149,0.322076528861716,0.28300762888738773,0.4432936035088379,0.001
150,0.3218336295302924,0.2868744026183039,0.4526060626418812,0.001
151,0.3219090016172813,0.2885522500896843,0.4584155184082907,0.001
152,0.3217861418117274,0.28511666982595607,0.4471736542254867,0.001
153,0.3212897822529346,0.284551274772226,0.4474692530037425,0.001
154,0.32103983379967577,0.28744650643472586,0.45106193821642815,0.001
155,0.321176947035768,0.2877614106307353,0.45382504223592235,0.001
156,0.3212150527281804,0.2832076440031036,0.4469784931899507,0.001
157,0.3211316609302083,0.2851627004049997,0.4455585917750395,0.001
158,0.3204422615938359,0.2828496037998762,0.4479152375996681,0.001
159,0.3211884485171722,0.2843070754051216,0.44733183047226854,0.001
160,0.3205653939161215,0.2818596972025483,0.445464421469001,0.001
161,0.321470561529602,0.2837453988330074,0.44586187160040724,0.001
162,0.32168355966741974,0.2827315340328022,0.4424574593956458,0.001
163,0.3220727849785272,0.28117011914327666,0.44461905204754393,0.001
164,0.3201418848590808,0.2860952093040098,0.4499441065885096,0.001
165,0.32170787111327454,0.2883743828034593,0.45566031647870014,0.001
166,0.3191625500047529,0.28406781645836915,0.4505585045229821,0.001
167,0.3205225513325081,0.2863706260914724,0.4490812497198005,0.001
168,0.32021771975465724,0.28706639689372104,0.4500534111096053,0.001
169,0.3194265166247213,0.2829328693284952,0.43507792148790525,0.001
170,0.3206617092495566,0.2883654752599998,0.45015436309964457,0.001
171,0.3197485301140192,0.28358299947827575,0.4460232070120367,0.001
172,0.32045313266215025,0.28480186690957665,0.44337945166770876,0.001
173,0.3199514582887426,0.2823634418262963,0.4462836334005107,0.001
174,0.32053048841588133,0.28350173624794206,0.4430539619791579,0.001
175,0.3198471106924452,0.2838967906111513,0.44297353354646823,0.001
176,0.31900281036222305,0.2846182246588484,0.4444564769732477,0.001
177,0.3198100445909543,0.2839253823571015,0.43954091369885634,0.001
178,0.31854950770869983,0.28484521611041574,0.4468030429427363,0.001
179,0.31904960665348414,0.283894967071413,0.444953320401193,0.001
180,0.3199537275610743,0.2816235318420945,0.448128616814984,0.001
181,0.31923020986823347,0.2844469182670554,0.4514784618340865,0.001
182,0.3191003104050954,0.28368640648691495,0.4466203127157434,0.001
183,0.31896328127330487,0.2849408564906276,0.4506183364769889,0.001
184,0.3193565653385343,0.28552913668955493,0.45545633575981587,0.001
185,0.31914189806929577,0.28536595798807035,0.4472475759483701,0.001
186,0.3198480853089341,0.2855240716952581,0.4508019235296486,0.001
187,0.3188238092236691,0.2825936489061165,0.4421244025995663,0.001
188,0.31825670224052294,0.28401208075877976,0.4455477910621355,0.001
189,0.3195648049717551,0.2831799663058142,0.4418415080848536,0.001
190,0.3193194071451823,0.2852262189377573,0.4422408085950934,0.001
191,0.31829985607046263,0.2872092325687216,0.4431513993128495,0.001
192,0.3189516772960757,0.2823613134348716,0.44588546165174325,0.001
193,0.3179911696561822,0.27946945185206035,0.43232156724932846,0.001
194,0.3169047202881392,0.28749253650737133,0.45224505190842357,0.001
195,0.3181225788351652,0.28784743704206833,0.44690690570933145,0.001
196,0.3174409824717152,0.2892811823747892,0.460129212279263,0.001
197,0.31814651224795765,0.28612327540868027,0.4533450033773262,0.001
198,0.31883062388714367,0.282989112439031,0.43837570067500187,0.001
199,0.3175871782340445,0.28476037011317046,0.4493476784455252,0.001
200,0.317313472564156,0.2851225197373855,0.44941044016601844,0.001
201,0.31893002825814326,0.2820126162775128,0.4429745650794961,0.001
202,0.3179077509421486,0.2868122457901718,0.4512388180256149,0.001
203,0.3181855708763406,0.28648848519691605,0.45157175936291655,0.001
204,0.31796776342230876,0.2829391734790653,0.4421150375254125,0.001
205,0.31894310194629805,0.2877321068889861,0.4509438238867481,0.001
206,0.320327226106111,0.29030504094248577,0.4582635754163151,0.001
207,0.32039506894511144,0.2893679937032549,0.4559578491914839,0.001
208,0.3197585832294043,0.2899973893807814,0.4581263146790496,0.001
209,0.31945386797458203,0.28673069239369814,0.44500193082543466,0.001
210,0.3198067342510095,0.28790775918970285,0.45152411210795285,0.001
211,0.31982170951527517,0.2891066593419471,0.45607977897801166,0.001
212,0.31863709049181893,0.2881476055583093,0.4491084934337758,0.001
213,0.31764227655288335,0.2822837145015517,0.4355515561823201,0.001
214,0.3168942955163148,0.2841848070909855,0.44223426238623154,0.001
215,0.3175972296042485,0.2854373955750985,0.4430827157724112,0.001
216,0.3177580057500719,0.2849462896363796,0.4464487204628211,0.001
217,0.3174969137788893,0.28728566121591675,0.4476808790686693,0.001
218,0.3175248772845612,0.2824178056932972,0.43748355297780334,0.001
219,0.3166938494588878,0.2848675457368424,0.44656405238787583,0.001
220,0.31693497420968236,0.28560438593545856,0.4452641308734227,0.001
221,0.31733994206061233,0.28593712901909996,0.44414766803969874,0.001
222,0.3151747621260248,0.28436970571552406,0.44667111685676303,0.001
223,0.3159605508989042,0.28435300267894265,0.4425539373580456,0.001
224,0.3158935689711356,0.2851495487386446,0.4433420597348434,0.001
225,0.31649277171304635,0.28431449565721434,0.44773298364013353,0.001
226,0.31719610303103385,0.2866239608812038,0.4456041714063641,0.001
227,0.31615932594548474,0.28642657599747934,0.44268248779396296,0.001
228,0.3159234335159396,0.28431736946671593,0.43528720875298454,0.001
229,0.31561349352469314,0.2831192658787617,0.44238971243858255,0.001
230,0.31660019901690184,0.28534913037754406,0.4415925052790059,0.001
231,0.3165629455769384,0.28209638668508735,0.43440424610539824,0.001
232,0.31525339051946866,0.28223947809115374,0.434249338405464,0.001
233,0.31533385907207523,0.2842829288221326,0.4427797344687518,0.001
234,0.31569156748754484,0.2833773846118166,0.4404668406845309,0.001
235,0.31548843284447986,0.2862844604206481,0.4470402135026521,0.001
236,0.3166729109781282,0.2820143223328803,0.4369452955497006,0.001
237,0.3167490238273466,0.2847260054283096,0.4374593985457312,0.001
238,0.3158443712436401,0.28411735080621303,0.44315802831780865,0.001
239,0.3154001291002239,0.2916387128855892,0.4600738665064512,0.001
240,0.31510045815695514,0.2883269039257065,0.4483062706537403,0.001
241,0.3149775809667132,0.2858426665209851,0.44979046969472825,0.001
242,0.3153164094767055,0.2822274435391177,0.4350361603518172,0.001
243,0.31591767542534044,0.28399580461583884,0.43819950222452353,0.001
244,0.31549066325297226,0.2860732635273809,0.4484291324660598,0.001
245,0.31600548957919217,0.28614088337875576,0.4426024110547872,0.001
246,0.31533688273247296,0.28404343946422184,0.43424128211732416,0.001
247,0.3147106625072591,0.2842641252460248,0.4385868512320675,0.001
248,0.3151125729352504,0.2873317561075254,0.44601170063331314,0.001
249,0.31532683290608293,0.2852301911248463,0.4429112572086001,0.001
250,0.3158696546210899,0.28361613513482636,0.43926329686564425,0.001
251,0.3150320491409517,0.28398666666122113,0.4357511699767733,0.001
252,0.315127362270613,0.2846781021889071,0.4455896182831819,0.001
253,0.31598088245939565,0.28630765801350394,0.4482745741808478,0.001
254,0.3153894370472109,0.2879074837091092,0.44680215117559735,0.001
255,0.31384256180073766,0.28343628327425124,0.43763842421707094,0.001
256,0.3147151635976525,0.28925354873413894,0.45135583169891985,0.001
257,0.31557364023483553,0.28376712837762624,0.43777459037473915,0.001
258,0.31543229258543737,0.2841567688382133,0.44108675861201796,0.001
259,0.31486073015509425,0.2846542412144747,0.4401129557326157,0.001
260,0.31557330213957,0.28222592687665826,0.4362179538638402,0.001
261,0.3148431534299979,0.28507944753633446,0.4426856386032411,0.001
262,0.31480467165107123,0.28496242145584766,0.4438849681767384,0.001
263,0.31360382808221354,0.28707432962074164,0.44629900309070686,0.001
264,0.31523312138276055,0.2861465641532031,0.4465265518326077,0.001
265,0.3147859487447653,0.28374047664298885,0.4370505134377403,0.001
266,0.3132158497029597,0.28260487018272357,0.4345605552622076,0.001
267,0.31333930730014237,0.2835573853534478,0.44573765390704595,0.001
268,0.3132250676820944,0.2815098262142776,0.4349078848900943,0.001
269,0.31364065563088067,0.2806344202898621,0.4308987786053753,0.001
270,0.31436957244400504,0.28316753878881373,0.44308852365277296,0.001
271,0.3122571821551065,0.2821231123538546,0.4402368528759492,0.001
272,0.3121926775789476,0.2820227072734489,0.4434653203357046,0.001
273,0.31287760938610043,0.28672988165025987,0.44870018941766004,0.001
274,0.3121423195745494,0.2840993686079046,0.446547692942499,0.001
275,0.3128816783428192,0.27824856541133514,0.42961565786228517,0.001
276,0.3125168247534348,0.27588123255154456,0.43001644338509454,0.001
277,0.31312894264051505,0.2785434759955841,0.43451978464089747,0.001
278,0.31207245165431824,0.28138694060079655,0.43752346449465507,0.001
279,0.31266347224916424,0.2806701583265059,0.43400621032453357,0.001
280,0.31294406869926966,0.2821457974717826,0.43698192940453806,0.001
281,0.3114549620999946,0.2833591821303129,0.4385786164385804,0.001
282,0.31191354882609734,0.28208801592366695,0.43637388322203846,0.001
283,0.3114151884843637,0.2794078100308468,0.42724394922473813,0.001
284,0.31230428801463533,0.2842061178443342,0.44123593439131265,0.001
285,0.31202382802426276,0.282836468338262,0.442745105190984,0.001
286,0.3126134396539078,0.28614486620020596,0.4478619503353288,0.001
287,0.3122911985527288,0.2851243366939479,0.44346001530870405,0.001
288,0.31213026554197876,0.28658392858824755,0.4501246939917384,0.001
289,0.3112923897601463,0.2844931574821369,0.4465756385243077,0.001
290,0.3118276129569019,0.28404626162111213,0.4417693866073871,0.001
291,0.3121993206105791,0.28029096131496745,0.4359443742898647,0.001
292,0.3118936901425456,0.28299420984280943,0.43648543615091223,0.001
293,0.3118412766504932,0.2830760888532936,0.43479497835897035,0.001
294,0.31210405795692325,0.28390619290560337,0.44946941453476125,0.001
295,0.3117163364548941,0.28021252277351477,0.435069788480446,0.001
296,0.3115879164354221,0.28132976267927573,0.43694757206257584,0.001
297,0.31157414695701086,0.28046437888064796,0.4335916928031393,0.001
298,0.31059504649392117,0.2833492536881829,0.44361385729373537,0.001
299,0.3115143937033576,0.28207211552815337,0.43908097454235967,0.001
