0,0.41025144215357506,0,0,0.0018
1,0.37681252193652975,0,0,0.0018
2,0.37072859982312734,0,0,0.0018
3,0.3717733905729601,0,0,0.0018
4,0.3680091270450818,0,0,0.0018
5,0.3662906539137081,0,0,0.0018
6,0.36638152043698197,0,0,0.0018
7,0.3622497546218209,0,0,0.0018
8,0.3637679614505525,0,0,0.0018
9,0.362616269012629,0,0,0.0018
10,0.3634235123961659,0.144575239117384,0.22306014191202242,0.0018
11,0.36212642642401033,0.14152830359035443,0.21948556239937442,0.0018
12,0.36142210599224445,0.14174166947341654,0.2194347666941746,0.0018
13,0.3611658867132866,0.13991826958845702,0.21325688498186507,0.0018
14,0.3667366498355138,0.1435722284222932,0.22297274872291045,0.0018
15,0.3672210567836034,0.14331264310701533,0.22115250886862076,0.0018
16,0.3643072364946543,0.1425181140448529,0.2213733012018452,0.0018
17,0.36161185005458735,0.14322479786682155,0.22084608569178754,0.0018
18,0.35941116170862974,0.14087697067864907,0.22402378611252355,0.0018
19,0.3603788869360746,0.14078634435312157,0.2170282532358205,0.0018
20,0.35939050402681705,0.14195673387584135,0.2148693121403811,0.0018
21,0.35868709155563583,0.1411976568352979,0.21699815021816934,0.0018
22,0.3580354520324933,0.14128035322566154,0.21738646297244554,0.0018
23,0.3579050231788118,0.14273711274112433,0.2219601297216614,0.0018
24,0.35830547054440287,0.14155398215433457,0.22359977377821497,0.0018
25,0.35771805149013713,0.14009018441088159,0.21389419968100948,0.0018
26,0.3573308004918745,0.14210763811909383,0.2152107145292272,0.0018
27,0.3571442696502653,0.14168423522783868,0.21192328393373183,0.0018
28,0.3576007960206371,0.14151875445376969,0.21326610197448623,0.0018
29,0.35749439339516526,0.14135242287084082,0.2157713328072189,0.0018
30,0.35718756194336937,0.14173563635246983,0.21325577515036148,0.0018
31,0.35820363474599387,0.14397297364774148,0.21365292008131034,0.0018
32,0.35606733103424815,0.14164545928872196,0.21283612871100466,0.0018
33,0.3567074001845667,0.14131987215081104,0.21228073426303823,0.0018
34,0.3555044482572604,0.14042556731460243,0.2108306985052751,0.0018
35,0.3556180747888856,0.1415757964473386,0.20875190787945352,0.0018
36,0.35595408018867847,0.14050589284211254,0.21090338131467526,0.0018
37,0.35547399988113826,0.1418110466462752,0.21412862788371279,0.0018
38,0.35582304291300854,0.14033381008873314,0.21397032817331066,0.0018
39,0.35502861402297425,0.1421751352088637,0.21066833498973586,0.0018
40,0.35491256996736686,0.14063458248462357,0.2058727112348718,0.0018
41,0.35491042470527906,0.1412918890288193,0.2110356873584123,0.0018
42,0.35595769801382293,0.1416978865892249,0.21367394925043715,0.0018
43,0.3548694170885167,0.13889715891085466,0.20963080333860457,0.0018
44,0.3565773838910006,0.14045796373644856,0.21257279004828764,0.0018
45,0.35459005289663703,0.1429373391113933,0.21635998873803686,0.0018
46,0.3537104046445782,0.14033630612521356,0.216511977095081,0.0018
47,0.3544590824236304,0.13811951403587744,0.21228514756285322,0.0018
48,0.3546818206876011,0.14046362691355743,0.2102232163372094,0.0018
49,0.3534695248482591,0.13975667787222099,0.21310509646885215,0.0018
50,0.3549167633814327,0.14171598781107927,0.2166549408674782,0.0018
51,0.3532120928925983,0.1401817860992244,0.21238723997759157,0.0018
52,0.353805810213089,0.139264450555014,0.20944434978698598,0.0018
53,0.3529282240039211,0.14031728035360028,0.20646411292972794,0.0018
54,0.35333208171492914,0.13849859988617672,0.21043532521490063,0.0018
55,0.35243637897705626,0.13821242199157396,0.20721706853942012,0.0018
56,0.3539570422243264,0.13956535618025975,0.2093215237863856,0.0018
57,0.3538886193754309,0.13848909288724856,0.20639197574100837,0.0018
58,0.3525620727973469,0.13832901626763483,0.2078213374013653,0.0018
59,0.35203451499090355,0.1372715073301549,0.20459012060808354,0.0018
60,0.35269984678696775,0.13807462937590073,0.20857905394653606,0.0018
61,0.3527500066211668,0.13750782584261986,0.20612098723467775,0.0018
62,0.35267542075302644,0.1371658744218453,0.20551676856611717,0.0018
63,0.3509832549903352,0.1377666979160931,0.2105763927927691,0.0018
64,0.3517848822777554,0.13735980369114256,0.20277743671718812,0.0018
65,0.3517776516787076,0.13853890331534416,0.20552571135413736,0.0018
66,0.3517346776137918,0.13633428838908568,0.20505250299638583,0.0018
67,0.35053435826705676,0.138393627547601,0.20764077227736422,0.0018
68,0.35075190941155965,0.1418312931705862,0.21479445056628713,0.0018
69,0.3507707804694014,0.14022894371397027,0.21235688878153886,0.0018
70,0.35208930744458056,0.1378005003723916,0.20841998367472986,0.0018
71,0.35009864995540196,0.1399407642806804,0.20923014858876324,0.0018
72,0.35021601718361095,0.1374372440285204,0.20458181825047037,0.0018
73,0.350752340282424,0.13767043939702775,0.20688145047339387,0.0018
74,0.3501182419516273,0.1369210701289526,0.2074759446384447,0.0018
75,0.34947546874567614,0.13836550747822543,0.21116848604092398,0.0018
76,0.35030243255324284,0.1380957694663996,0.2099758809986108,0.0018
77,0.3504930509854171,0.13827763187413203,0.20960262533020294,0.0018
78,0.35061190226825617,0.13601821630583139,0.20528460929029854,0.0018
79,0.3499883100137872,0.1375757573220553,0.2094669172903996,0.0018
80,0.34991313605490376,0.13663210557197336,0.20170014261039443,0.0018
81,0.3499609098090964,0.13781778114928572,0.21219087044399612,0.0018
82,0.35166783567707416,0.13921947790169562,0.21516155568606912,0.0018
83,0.35234836173259604,0.1380127211026693,0.21487689877751037,0.0018
84,0.34921591413223135,0.13946408018170534,0.20974863137941024,0.0018
85,0.348952293017153,0.13739466516589813,0.20339052474270627,0.0018
86,0.347902816862373,0.13697048706569637,0.2053975304630075,0.0018
87,0.34773781011670324,0.13780633767716957,0.20874777436128225,0.0018
88,0.3488226530410476,0.1362435771685736,0.2046571984895384,0.0018
89,0.3466917165255142,0.1352226716022113,0.19936293506206648,0.0018
90,0.3474014420378006,0.13801910000026846,0.20751856811702843,0.0018
91,0.3486485509044033,0.13465666620571964,0.20090176384666725,0.0018
92,0.34789088229506704,0.13848732248600115,0.21011527918168826,0.0018
93,0.3483703444569798,0.13560833278594997,0.20337126535513966,0.0018
94,0.3477697537864669,0.13433494147977063,0.2035224868688082,0.0018
95,0.3467448962441945,0.13621387136003382,0.21013062813279287,0.0018
96,0.34706122592344124,0.13572980697444462,0.20451850766138074,0.0018
97,0.3464069501575777,0.137027884130989,0.2043336482144763,0.0018
98,0.34707104200023714,0.1398106010595322,0.2079964426005321,0.0018
99,0.34521749262082374,0.13598746449193436,0.20403091239239582,0.0018
100,0.34528765107615517,0.1375651547440563,0.2071035905919451,0.0018
101,0.34563851975283383,0.1361205029884721,0.20001479097062655,0.0018
102,0.34495008938898475,0.1362620068162807,0.20241786618213659,0.0018
103,0.3441929631566597,0.13805065862635454,0.20768392092747182,0.0018
104,0.3442957453050856,0.13721780846389778,0.20508740598881472,0.0018
105,0.3443802063495426,0.14091909470244893,0.21205476271613036,0.0018
106,0.3453662533123614,0.1358330789346434,0.20359180672144117,0.0018
107,0.345340347896188,0.13762543514046696,0.2077397694333865,0.0018
108,0.3437490218271643,0.13907577795837395,0.20814115198730432,0.0018
109,0.3445160330857261,0.13844036812348112,0.2084059843679663,0.0018
110,0.3447191990533118,0.136562264265221,0.2023361801667533,0.0018
111,0.34446560263128606,0.1363214432202171,0.2029146710076857,0.0018
112,0.3427076472316758,0.1358847737835277,0.20528134300227202,0.0018
113,0.3439646000831814,0.13677841247295966,0.20229012122984688,0.0018
114,0.3440280893849114,0.1387795353605649,0.20627465056355565,0.0018
115,0.3444386942911956,0.13927917270861423,0.2073143275171244,0.0018
116,0.34365166837381106,0.13467110454980943,0.2000329637643676,0.0018
117,0.3433152182122408,0.13728507813425647,0.200739293437809,0.0018
118,0.3438181772322978,0.13600128254493257,0.20042934092243378,0.0018
119,0.34180234044285146,0.1372981470045077,0.20095702583358802,0.0018
120,0.34303353752120064,0.13834606094971785,0.20437819298428106,0.0018
121,0.34397770287626883,0.1372853191864389,0.20094933880968954,0.0018
122,0.3429378410012035,0.13773375432438298,0.2047649311534927,0.0018
123,0.34276639745902204,0.13838566229116625,0.20408247308195698,0.0018
124,0.34224294681670303,0.13705671248479787,0.20439024497362415,0.0018
125,0.3421621187511137,0.13735548334200118,0.20170337264764318,0.0018
126,0.3421373912843607,0.13504010710675984,0.1985308374979838,0.0018
127,0.33996242411055805,0.1349784727282961,0.2071905357586243,0.0018
128,0.3410026625556461,0.134820517863625,0.20165113527689724,0.0018
129,0.34136639611195707,0.1360953238796566,0.2025506843842978,0.0018
130,0.34009926324173556,0.1352616278657113,0.2021158181953263,0.0018
131,0.3398518173371331,0.13687282127283582,0.20518899275167873,0.0018
132,0.3398406955145173,0.13238666231186266,0.19723021536253701,0.0018
133,0.3406550291988809,0.13691137041221277,0.20506329364456444,0.0018
134,0.340847088118731,0.1345633808701282,0.20850904161109723,0.0018
135,0.3397091801388789,0.13516357044051322,0.20370525771320963,0.0018
136,0.3395755684981912,0.13325182957822376,0.20379158754617413,0.0018
137,0.3391479595990504,0.13364465664226519,0.20314452138781344,0.0018
138,0.33980231138609224,0.13216107898708057,0.19894543950218985,0.0018
139,0.33906355361312124,0.13487935876332663,0.20241413421104199,0.0018
140,0.33818631644471214,0.13390285637224758,0.2011146126120276,0.0018
141,0.33802434625261923,0.13420787289769473,0.20387140153421382,0.0018
142,0.3380685452434976,0.13271011778008818,0.20057550126982335,0.0018
143,0.3380957581734253,0.1349077359963416,0.20458162212446765,0.0018
144,0.338618815071502,0.13492677478105472,0.20682095814989795,0.0018
145,0.337591159899356,0.13711665577995596,0.20946562248697873,0.0018
146,0.3379847692736125,0.13147000158982877,0.19537841781195034,0.0018
147,0.33819522493976656,0.1320024238937047,0.19588473800190676,0.0018
148,0.3382151542326151,0.13203840449504506,0.20173623444243227,0.0018
149,0.3375965682631832,0.13238887515850406,0.20285084361263628,0.0018
150,0.33772095191781804,0.13223928833669085,0.1991063883078895,0.0018
151,0.3374909351942903,0.13500491658648017,0.20484753180388396,0.0018
152,0.3373468144465301,0.13314185029457315,0.20363272920199174,0.0018
153,0.3379466128298792,0.13555177227707454,0.2055100807623748,0.0018
154,0.3370209585054446,0.13212502216615551,0.19538605278344995,0.0018
155,0.33624311233476056,0.1347668276727678,0.2030323475388305,0.0018
156,0.3369806104544866,0.13081948106735525,0.19698309566959074,0.0018
157,0.3369840912647166,0.13062151959612697,0.20001470917399983,0.0018
158,0.3371690487710096,0.13192289154561238,0.20054657221966718,0.0018
159,0.33573119051880757,0.1310799140931359,0.19739877683156537,0.0018
160,0.3360488016979169,0.13071806688207413,0.19516345627690185,0.0018
161,0.3376951375502651,0.13113143791270823,0.19447865770643308,0.0018
162,0.3369609405428676,0.1304790422645173,0.1982640131835595,0.0018
163,0.33556055833222503,0.13620863141850492,0.2087970475338163,0.0018
164,0.33613213896751404,0.13578242141571645,0.20551211266494337,0.0018
165,0.336520898392645,0.13415999274607296,0.2027620022514283,0.0018
166,0.3350213675175683,0.13037449564020726,0.1979185730157757,0.0018
167,0.33518649953401697,0.1337781945939676,0.20786543600775154,0.0018
168,0.3352562853340375,0.12910747269721293,0.19772108621461967,0.0018
169,0.33623995114181,0.13371165551621328,0.20571945131208483,0.0018
170,0.33501063160977124,0.1354190535309896,0.21397073250890872,0.0018
171,0.3353738801206573,0.1333834688566948,0.20246857265465268,0.0018
172,0.3353480841901343,0.13268774640247744,0.20401224138283738,0.0018
173,0.3347280788219581,0.13584996560051427,0.20684664693822705,0.0018
174,0.3352354059027413,0.1368893857095682,0.20649375026431102,0.0018
175,0.33434705297320577,0.13163521342650142,0.1972529938640673,0.0018
176,0.3332603851617393,0.13339494950909617,0.1995441917393663,0.0018
177,0.33402229870780037,0.133124942559874,0.20348074828100457,0.0018
178,0.33481202489238676,0.13436076752554876,0.2028627115595692,0.0018
179,0.33481724800194723,0.13286683392159038,0.20352834834071915,0.0018
180,0.3336606293411578,0.13157953347071405,0.2036917166534572,0.0018
181,0.33428796039799513,0.12949960758827803,0.19908441661854107,0.0018
182,0.33473082543429683,0.1295986180681203,0.19646211901133556,0.0018
183,0.3346877877237433,0.12992252155878264,0.1959974295863566,0.0018
184,0.33405110896643947,0.1315333629925405,0.19541296387364437,0.0018
185,0.3334204603807401,0.12839235824557296,0.18935214428827207,0.0018
186,0.3341190023189884,0.13030367711162527,0.1994738159666428,0.0018
187,0.3330994327947245,0.12948398381276144,0.19088626047176457,0.0018
188,0.33351835722135287,0.1327105453533681,0.20082274551672397,0.0018
189,0.33254376230603555,0.13258726668169793,0.20446887941712608,0.0018
190,0.33367248334116856,0.12998980796026968,0.20015232363291027,0.0018
191,0.3347857489676799,0.12875288803519547,0.19514526489301834,0.0018
192,0.33379418099835767,0.13354613322415915,0.20159701007718664,0.0018
193,0.33443168487589237,0.1314708567363886,0.19721060555078543,0.0018
194,0.3336849606643289,0.1311873112059787,0.20144818111484997,0.0018
195,0.33423248489024276,0.13104736399277755,0.19933363792709005,0.0018
196,0.33281876980248143,0.13396944688272977,0.2056587749461788,0.0018
197,0.3337315535646374,0.13072141806511436,0.19950252658262532,0.0018
198,0.33345661198688764,0.1292941648239941,0.1976207208241139,0.0018
199,0.33203746403677986,0.12939064084772794,0.19602958681474728,0.0018
200,0.33229699288889514,0.131336796401679,0.20319447217103942,0.0018
201,0.33227104201155194,0.13023496298718618,0.19742496011768332,0.0018
202,0.33151418033797864,0.13085569962252097,0.20015535940317053,0.0018
203,0.3316721811385478,0.12927262318641497,0.1950592668940964,0.0018
204,0.33158050603785755,0.12775061412942323,0.19788056639906665,0.0018
205,0.332076496618279,0.1299327473765582,0.19889239810778342,0.0018
206,0.33273380211854386,0.13414248888746758,0.2006867363166131,0.0018
207,0.3345027922068612,0.13174139598336068,0.20092875673348842,0.0018
208,0.33336382940159004,0.12718455544118942,0.19138204748701518,0.0018
209,0.33220860475705843,0.1297971539747551,0.19492676751287796,0.0018
210,0.3333267527869192,0.13146733204535072,0.2010841917029407,0.0018
211,0.3323542771197982,0.13003603482854245,0.1960019116696986,0.0018
212,0.33228602411888414,0.12686933230778075,0.18804931178488932,0.0018
213,0.33194584399461746,0.1303595820081382,0.1992302116696317,0.0018
214,0.3312415250782239,0.1299308803065692,0.19864404960642193,0.0018
215,0.3313992029782069,0.1284385739597602,0.19409616366674023,0.0018
216,0.331295753560834,0.13061494488235903,0.1959640416905365,0.0018
217,0.33111865717475697,0.1308948380694185,0.19914288819355386,0.0018
218,0.3309775387584153,0.1292131601366075,0.19862813086745157,0.0018
219,0.33071181923151016,0.12641640021434056,0.1926959950365621,0.0018
220,0.3309372731689679,0.13087208187585583,0.19827613488593673,0.0018
221,0.33138214039095376,0.1287854592043821,0.19550458724966832,0.0018
222,0.3307452736012006,0.12812472587723286,0.19193493133624523,0.0018
223,0.33010836236052593,0.13180852622764985,0.2019443594525989,0.0018
224,0.3302318835157459,0.13055150787973405,0.1989484659773789,0.0018
225,0.33025893089124714,0.1296659490859496,0.19550920039351452,0.0018
226,0.32999609625440535,0.12990508462469066,0.19594225125507683,0.0018
227,0.3299813790846679,0.13084898052531213,0.19612701496274773,0.0018
228,0.3304072442953869,0.13041273060617417,0.19649849248403134,0.0018
229,0.330058650950254,0.1313098258227878,0.19520279394780948,0.0018
230,0.330262032858396,0.1302096209047872,0.19943499138366647,0.0018
231,0.329504374856666,0.1289396309750331,0.1949266968703367,0.0018
232,0.33083591976408233,0.12891237224893154,0.19636937186120118,0.0018
233,0.33030226132122137,0.13042032344008544,0.1936758098724636,0.0018
234,0.3308390007685807,0.13232567301134732,0.1986192912547219,0.0018
235,0.3305676826986216,0.13158095499695188,0.19712080122019915,0.0018
236,0.33109037982205214,0.12910840778138594,0.19398952410316134,0.0018
237,0.3303639723335282,0.12663256577287899,0.19234977873033146,0.0018
238,0.3313257447996382,0.1300081861752489,0.19954862548833796,0.0018
239,0.3297098598490327,0.1278854546304508,0.19346716154978733,0.0018
240,0.3302925328834582,0.1277468124452605,0.18925646733168933,0.0018
241,0.3285179443783679,0.12672053370801398,0.1942397483498949,0.0018
242,0.3307143155548532,0.1296887492761831,0.19600520584293876,0.0018
243,0.33060521809226373,0.13167269053432148,0.19938560202274214,0.0018
244,0.3303656756120213,0.12487716429186828,0.1893287476645057,0.0018
245,0.33051136237079815,0.1300306951199149,0.19556851874951542,0.0018
246,0.3300937804377685,0.13044519271319086,0.19948915004563347,0.0018
247,0.3299806409720647,0.12733425008582974,0.19312851143152931,0.0018
248,0.3291321526897156,0.12591549439889416,0.18955964002211714,0.0018
249,0.32978998288764794,0.12706631779652228,0.18861766635065694,0.0018
250,0.32872800819449505,0.12703811407150495,0.1911756773862948,0.0018
251,0.32885865336757597,0.12731455754776835,0.19468507149398823,0.0018
252,0.3290315656843832,0.12778838867952497,0.19534614439516942,0.0018
253,0.3297182279875723,0.1274751007799615,0.19260376562189466,0.0018
254,0.3286917505122848,0.12849385050945303,0.1935372054884683,0.0018
255,0.3288881531837633,0.12928711915994684,0.19845637282343087,0.0018
256,0.32806301192711973,0.12566033291788484,0.1867539153384821,0.0018
257,0.3287724834882607,0.1255008679139628,0.19159084267181672,0.0018
258,0.32852010087946715,0.13051774880043496,0.19841121271991138,0.0018
259,0.3281878002493058,0.12873195677396518,0.19711602820112797,0.0018
260,0.32928537501622057,0.1280836893767754,0.1946194733878715,0.0018
261,0.328016651131339,0.12705597176249123,0.1941724222900385,0.0018
262,0.32803956053014527,0.12962756168081332,0.19994721022581874,0.0018
263,0.32766239913338324,0.12631316295574133,0.19283683302617144,0.0018
264,0.3282375655184358,0.1269601569281627,0.19226285680133032,0.0018
265,0.32812396512698316,0.12696010673477767,0.19502840632814084,0.0018
266,0.3276056034837739,0.12823557270087171,0.19353467072254676,0.0018
267,0.32696015204666024,0.1270577960751522,0.19489419665381805,0.0018
268,0.328146617985883,0.12579358582073397,0.19083566739911736,0.0018
269,0.32678970707170035,0.12718863535781977,0.19669332182432572,0.0018
270,0.3282470761845678,0.12458023881615421,0.1877729339962657,0.0018
271,0.3277552286952229,0.12891156047937113,0.19363987419762227,0.0018
272,0.3269607071149147,0.12498089171056087,0.18871163487314954,0.0018
273,0.3278044415479999,0.12890040577413675,0.1982479438644354,0.0018
274,0.3293100198951818,0.12789015173981563,0.1965506378335722,0.0018
275,0.3273875688092183,0.1269929796839459,0.19112104281668135,0.0018
276,0.32891176274772416,0.1272372696495599,0.18801071214263648,0.0018
277,0.32791543486764874,0.1290801482859408,0.19417338061188122,0.0018
278,0.32867822038420175,0.13022811128029343,0.19562662502822928,0.0018
279,0.32831303939475853,0.13016335685622918,0.19238906063081182,0.0018
280,0.3280280882145389,0.12865207617053476,0.19826058423178666,0.0018
281,0.3277008699537334,0.12910092091128753,0.19673729680626473,0.0018
282,0.32693025684457716,0.127664114815554,0.19282774709405445,0.0018
283,0.327066015262725,0.1283914033319145,0.19469528027070848,0.0018
284,0.32813604037135335,0.12717736291501558,0.18777924813814506,0.0018
285,0.3273586719217947,0.12866906880021847,0.1951011449079683,0.0018
286,0.3268628725308483,0.1292499376353942,0.19562058602045804,0.0018
287,0.3270968436184576,0.12877171179392577,0.19176938425881335,0.0018
288,0.3274939849467601,0.12764370593733093,0.18888216410875502,0.0018
289,0.32807743966074315,0.1307849300479812,0.20200226402826732,0.0018
290,0.32839686530878986,0.12898898842332054,0.1967479424513323,0.0018
291,0.32797584846868355,0.12972894736120913,0.19536333191136124,0.0018
292,0.3267191595445245,0.12766821146331273,0.19397804097217689,0.0018
293,0.3273479194711831,0.1279806751998874,0.19334100419566194,0.0018
294,0.32830739217036864,0.13304606582414422,0.20587775567002256,0.0018
295,0.3268553569155224,0.12915368531304303,0.19530015052376157,0.0018
296,0.32704286201525545,0.12948931608533193,0.1946672361113324,0.0018
297,0.3259602381011187,0.1271048260375855,0.19049633037509622,0.0018
298,0.3268856359487873,0.12827714273842197,0.1966382633994647,0.0018
299,0.3277791034493406,0.12961121908644935,0.1930819821640192,0.0018
