0,0.39859706727234095,0,0,0.001
1,0.3631174372391658,0,0,0.001
2,0.3580531771924045,0,0,0.001
3,0.35408489419533323,0,0,0.001
4,0.35429193482205673,0,0,0.001
5,0.3527415867324348,0,0,0.001
6,0.3501248111327489,0,0,0.001
7,0.3501781305751285,0,0,0.001
8,0.35061563712519567,0,0,0.001
9,0.34786183823336353,0,0,0.001
10,0.3490827071505624,0.29633576031219544,0.46683141886306556,0.001
11,0.34832963401132877,0.2940132072280178,0.4600820921847716,0.001
12,0.3473771668232239,0.2956608070314974,0.4598756632840398,0.001
13,0.3478667736053467,0.29035033623141554,0.45008203121374746,0.001
14,0.34655547236000095,0.294104937201715,0.46178809057628467,0.001
15,0.34676444745278573,0.296875319945106,0.4712699436878889,0.001
16,0.3461406477936753,0.2972053801313484,0.46575218085081804,0.001
17,0.34501680772046783,0.29604629553365214,0.4590951095339651,0.001
18,0.3455156851727683,0.29435705055910844,0.46447384405103403,0.001
19,0.34452911459647856,0.2961831233010005,0.46520999782427036,0.001
20,0.3448402860143163,0.28967415949278696,0.44061404606863097,0.001
21,0.3460768165889087,0.29099630176281,0.4591104427634946,0.001
22,0.34904820156526994,0.29018666379173463,0.457470353863364,0.001
23,0.3452758532655132,0.29161532387423267,0.45001481749393424,0.001
24,0.3445279245172535,0.29950422162854784,0.47322446330061074,0.001
25,0.3450370284619632,0.2948839679622029,0.45690560624173043,0.001
26,0.34327945448793806,0.30021231005939836,0.46547050397045275,0.001
27,0.34321504227212957,0.29340520940432185,0.4552418232254443,0.001
28,0.3436930858874106,0.2966458481553997,0.46198163594852887,0.001
29,0.342651653262946,0.29395211282320455,0.4548131065531734,0.001
30,0.34347187170574256,0.293121172707549,0.45675086413399063,0.001
0,0.3993183528786307,0,0,0.001
1,0.36036189450873984,0,0,0.001
2,0.35812534472426855,0,0,0.001
3,0.35468277482836097,0,0,0.001
0,0.3969769746333629,0,0,0.001
1,0.36126323433609697,0,0,0.001
2,0.35438760591519847,0,0,0.001
3,0.3508083277994448,0,0,0.001
4,0.34813902063949687,0,0,0.001
5,0.3476736023350879,0,0,0.001
6,0.34558213012175515,0,0,0.001
7,0.344737632317586,0,0,0.001
8,0.3446797701689574,0,0,0.001
9,0.3441313881057877,0,0,0.001
10,0.34508968017122765,0.28807352102815087,0.4568957664193126,0.001
11,0.3422927190591623,0.28481934372253137,0.45300582498723213,0.001
12,0.3426654577792228,0.28187429362282546,0.44825028833845615,0.001
13,0.34330666723015074,0.28332996903383256,0.4534060985415137,0.001
14,0.3416559678745699,0.28638505033637857,0.44763070615294137,0.001
15,0.3413470255899,0.284007140844826,0.4485566209850604,0.001
16,0.34154536957676346,0.2800980965411303,0.43736335051535913,0.001
17,0.3419346853687957,0.2857577081033505,0.4534666338825483,0.001
18,0.34133819967239826,0.28658445777431435,0.45999181861248356,0.001
19,0.3410752904307735,0.2907652798883663,0.45975327318159537,0.001
20,0.3465216009466498,0.2892499355833383,0.45811759602213187,0.001
21,0.3480104595959724,0.2948724205651872,0.47213157912426446,0.001
22,0.34533572975579685,0.2835730173579419,0.44456276817216256,0.001
23,0.3421348480356706,0.2886792172722548,0.4568359169945697,0.001
24,0.3455877897438702,0.29636156940031105,0.479539005644022,0.001
25,0.34374075852804353,0.2903449324567563,0.4618821499811287,0.001
26,0.34813696682990136,0.28880294097467424,0.460165188322906,0.001
27,0.34565947547152237,0.2905809641280984,0.46193918585776017,0.001
28,0.3466244323833569,0.29021195584733905,0.46061635716987387,0.001
29,0.3415930140931327,0.2849187203082943,0.45489591024637727,0.001
30,0.3389406060581809,0.2853925175582444,0.45108459776116683,0.001
31,0.3392014318221324,0.28723245649428125,0.4554548142865796,0.001
32,0.33968370052071306,0.28136072791335526,0.44260997436432975,0.001
33,0.3396323250757681,0.28056696704347855,0.44334063852844047,0.001
34,0.33889391279972353,0.2867051218191111,0.4547518230088748,0.001
35,0.33928811751507426,0.2818634156841641,0.44540097459181327,0.001
36,0.33815751352288703,0.2824015072688377,0.44335517645967826,0.001
37,0.3377275180977744,0.28029647092684,0.4443991342193384,0.001
38,0.3377955482752473,0.2837058273623677,0.44965919306438,0.001
39,0.3367482798325049,0.2830122669880441,0.44541921783830146,0.001
40,0.3371743323566677,0.28246678097758343,0.44819778269965854,0.001
41,0.33819550517443064,0.2796555633001683,0.44304171803153153,0.001
42,0.33707197802560823,0.28341833854940596,0.44673878329652067,0.001
43,0.3370618725547919,0.28029181155746136,0.4384032497470605,0.001
44,0.336275073724824,0.2854249255206534,0.4478236894232411,0.001
45,0.33573187303704183,0.2851788200709122,0.4495937248989837,0.001
46,0.3372273457211417,0.28220219604655045,0.4441492183776295,0.001
47,0.33763863696708335,0.2823184250563491,0.44403199353629674,0.001
48,0.3354977147804724,0.280268669668402,0.4380730171334536,0.001
49,0.3359349716354061,0.28086277901643464,0.44213457208717855,0.001
50,0.33433876059076806,0.28528318164006433,0.45332853151156044,0.001
51,0.33414838892651033,0.28076925386129553,0.43693104246742115,0.001
52,0.33442833348437473,0.2849141130979251,0.4533629541788838,0.001
53,0.3347402874816645,0.28553074551647767,0.45377424265248606,0.001
54,0.33463171043911494,0.2809017504052665,0.439181684220885,0.001
55,0.33320642215711577,0.2834536988130298,0.4421584188823757,0.001
56,0.33422638737672083,0.28508640240852734,0.44824845998794205,0.001
57,0.33325569204113503,0.28642202803569367,0.45142952554263654,0.001
58,0.33359865589184806,0.2830313526279215,0.440964957957018,0.001
59,0.3327318075540903,0.28600274657218955,0.44405117716414616,0.001
60,0.33229708778965583,0.28561903907232855,0.44768847352169794,0.001
61,0.33576649628780986,0.2931757720496897,0.46471054214147756,0.001
62,0.3337313619417113,0.28604463177597683,0.44571441478962665,0.001
63,0.337056387652148,0.28763224871858245,0.4500436153438264,0.001
64,0.33276587462908513,0.2856105548777225,0.44975087644911266,0.001
65,0.33235141238919247,0.2896831860398117,0.4531898282991697,0.001
66,0.3331264679630597,0.2808803241931396,0.4374999633161941,0.001
67,0.3311211485583503,0.2836564140436817,0.44460677467763976,0.001
68,0.33153946503057136,0.2857475624164142,0.4551463616041279,0.001
69,0.33050051680556286,0.2842888769748031,0.44374192462581935,0.001
70,0.3303593128651112,0.2812264691038221,0.43704504813572576,0.001
71,0.3305144042179391,0.2877464354246419,0.44564177222846557,0.001
72,0.33037626179488927,0.2859353444720191,0.4430840002513141,0.001
73,0.33030332698746845,0.2829632127056465,0.4401190773266303,0.001
74,0.3303548948721843,0.28692028684828214,0.45217570979719346,0.001
75,0.3307068425121608,0.28268456155319943,0.4409487359987384,0.001
76,0.329244515984445,0.2829962258138448,0.43759284990292685,0.001
77,0.3293975974256928,0.28612355392766275,0.4529429842686278,0.001
78,0.32990909602727975,0.28129196258936495,0.43691228345441907,0.001
79,0.3294746270319363,0.282793450321813,0.44029708437809495,0.001
80,0.3293198938439558,0.28065306232496007,0.43769803968586934,0.001
81,0.3284339130864487,0.2820271043285858,0.43698674145294136,0.001
82,0.32944863799724494,0.2832495474372243,0.4429456981062568,0.001
83,0.32954739356363144,0.28009403269597616,0.43659757169085556,0.001
84,0.32821934838015754,0.28174626249774165,0.44172894337247975,0.001
85,0.3288434164615365,0.28044156209920096,0.43798194218609604,0.001
86,0.32833687021388663,0.28239695576226503,0.44296175523193915,0.001
87,0.3268883373286273,0.282644707512392,0.4463871080129252,0.001
88,0.327366265627715,0.27970144702374844,0.4389228507077862,0.001
89,0.32667140830476005,0.2813875492913729,0.4394220048304817,0.001
90,0.32784164045845066,0.2760472146731879,0.42691281496922834,0.001
91,0.32705268069162025,0.28239177632198625,0.4403300212732515,0.001
92,0.3279998291720141,0.2793555066979185,0.43734328119714855,0.001
93,0.32726075627782325,0.282838429111899,0.4447178232339579,0.001
94,0.32634771434036464,0.28033166813025956,0.4338523637819189,0.001
95,0.32668280715609455,0.2834726036687676,0.44774699517049626,0.001
96,0.3266490907282443,0.28193405417491146,0.43934749366015385,0.001
97,0.3263086022154705,0.2850961257594065,0.45114390939107635,0.001
98,0.32679695354120153,0.285349670197972,0.44741992551972304,0.001
99,0.3255637232382018,0.27877541900826275,0.4361585001892501,0.001
100,0.3256395527639905,0.2839306438338806,0.4480753113203113,0.001
101,0.3264477614749659,0.28050954908923464,0.43665712867066786,0.001
102,0.3262960285216838,0.2857589928354572,0.4542607335298885,0.001
103,0.3246748305790059,0.27966583052266064,0.4369056134312099,0.001
104,0.32606716615122716,0.2797854797455647,0.4357996375967372,0.001
105,0.32611440672530784,0.28378299028688037,0.44327686122646104,0.001
106,0.3260071611216476,0.28184474022678824,0.44149680590375895,0.001
107,0.32555099328358966,0.2820092325250741,0.44712878861555105,0.001
108,0.3260327887024965,0.28068373435451066,0.4424838288132182,0.001
109,0.32486896874668364,0.28538677095203757,0.44735756486656314,0.001
110,0.3246978378376445,0.280218982894715,0.437971759785331,0.001
111,0.32498681807034724,0.2796349027620442,0.44198859801017587,0.001
112,0.32365775873532165,0.2784007132419171,0.4330759650286502,0.001
113,0.3252928491245519,0.2769205367692159,0.43005932264829383,0.001
114,0.3240831549371685,0.28287490648984187,0.44710824530867377,0.001
115,0.32419822895312095,0.2792839050378897,0.43870849009285906,0.001
116,0.3229877092951053,0.28170330676826516,0.44553835458584273,0.001
117,0.32426541620815125,0.2811302119306635,0.44425830489432244,0.001
118,0.32409496793338843,0.2807397186955918,0.43511203955674244,0.001
119,0.323507133502144,0.28014429575075794,0.4465780061888497,0.001
120,0.32402644823263355,0.2745879534568802,0.4245840562374223,0.001
121,0.32261595042707686,0.27416261395230695,0.4255859505412999,0.001
122,0.3232074328236752,0.2785377911699516,0.4397479373642132,0.001
123,0.3227947488561407,0.2772451268426414,0.43950985984521396,0.001
124,0.3234324696901682,0.28167994257041795,0.44024751458256156,0.001
125,0.32340124222609373,0.2800632462204436,0.4386554679279503,0.001
126,0.32284165730884484,0.2796305917945928,0.4387961453335218,0.001
127,0.3218844970604321,0.2783454024103756,0.44081140765732,0.001
128,0.3225082048961708,0.283050323821817,0.4449879838608358,0.001
129,0.3239068388938904,0.28323790179896746,0.4440443248376037,0.001
130,0.3227528461196401,0.27828343750714235,0.4375618325099511,0.001
131,0.32173959783337136,0.27954550627102254,0.44124918708405025,0.001
132,0.3218837222671724,0.28001759290802175,0.43634582749863254,0.001
133,0.3210089887987386,0.27857870459568895,0.4384053052171441,0.001
134,0.3217865077627672,0.2816225600640445,0.43858472056185893,0.001
135,0.32137152613014786,0.28155115640569245,0.43706323897000565,0.001
136,0.3218889728457004,0.28084748528590486,0.43421608475826573,0.001
137,0.32069211520321733,0.27900385977133557,0.43762141683526345,0.001
138,0.3218964491341565,0.2814697002376636,0.4365016679839558,0.001
139,0.32103686222621985,0.2808960093694393,0.43752226812902995,0.001
140,0.32212497911474725,0.28365435654799803,0.44562705199389446,0.001
141,0.3210583377528835,0.27864698630944595,0.4342835468663706,0.001
142,0.32093709948900584,0.2770789021562842,0.4291634848277894,0.001
143,0.32060775563523575,0.27806743286983854,0.4366034236278562,0.001
144,0.320329907375413,0.28414789117224465,0.4507054493652349,0.001
145,0.3206782788038254,0.2823131023053938,0.44372888310110953,0.001
146,0.3209287076517268,0.2736716239787644,0.4263426909184553,0.001
147,0.31989021908055554,0.2819676293850564,0.44077097125878767,0.001
148,0.32074544115646464,0.2842475194378882,0.44675472040584197,0.001
149,0.32086941767651755,0.28273010700281537,0.44170522115122707,0.001
150,0.3208216621397852,0.2802073519420046,0.4425051096889984,0.001
151,0.3205292141652322,0.2807217977714595,0.44739161685044204,0.001
152,0.3203290778774399,0.2803694677137722,0.4388560904675147,0.001
153,0.3193156731289786,0.2790319486639228,0.4351142515038538,0.001
154,0.32104995725928126,0.27925822761329305,0.44356134178017387,0.001
155,0.3196521251051276,0.27908586234296834,0.4366050453679258,0.001
156,0.3209332457265338,0.27890604542386555,0.43363530811604706,0.001
157,0.3197525544343768,0.28083050524953534,0.4452587453291166,0.001
158,0.318659280334507,0.28381810241541067,0.44688289408153703,0.001
159,0.32047005997853234,0.282650734663174,0.45082927206804063,0.001
160,0.3193633714103484,0.2788362257789268,0.4354753716193115,0.001
161,0.31953587127966926,0.28390176647937376,0.4507156484771388,0.001
162,0.3191541931382171,0.28044009455736213,0.4469059068389841,0.001
163,0.3195212232368486,0.28415321240400543,0.4478468616961048,0.001
164,0.31953281338687417,0.28294114691265604,0.44676689978770445,0.001
165,0.31886880408536206,0.27555332962142143,0.4284273811879697,0.001
166,0.3193387028736037,0.2779244452753929,0.4341032587444474,0.001
167,0.3177629258181598,0.28130469951563514,0.43934632312083427,0.001
168,0.3196588594902743,0.2796283124965194,0.43578035142326277,0.001
169,0.31820901000016444,0.28108652648145277,0.43995920793763993,0.001
170,0.3175184987149797,0.28287356504114236,0.44179933068948773,0.001
171,0.3187168306998304,0.27823607611376033,0.4378084752472291,0.001
172,0.31870382453675744,0.2792460264562656,0.4345152688354108,0.001
173,0.31804111250885975,0.2780202937852444,0.4347055289496685,0.001
174,0.31890403774676024,0.27941697634376095,0.4384168556525065,0.001
175,0.3194300567244624,0.279149708515329,0.4370569107655466,0.001
176,0.31946650013193356,0.2790286327688362,0.44026226899900767,0.001
177,0.3196739257724435,0.2812500039578459,0.4430121917279032,0.001
178,0.31810116143645467,0.281842920231837,0.4430446515960041,0.001
179,0.31779598565520467,0.2784024825970534,0.4291826995991249,0.001
180,0.31845827622188105,0.27842457674834026,0.43238726025550256,0.001
181,0.31829640497495465,0.27725754169968814,0.4288073036134712,0.001
182,0.3182142019137606,0.2796760795148196,0.43426006695663183,0.001
183,0.3183751328437178,0.2805885755589395,0.4389290171180369,0.001
184,0.31839044237727515,0.27849616524201715,0.43406381817787343,0.001
185,0.3176410676794009,0.27935244400190695,0.434161436295704,0.001
186,0.3172604114756928,0.27858300847356626,0.4366559239494733,0.001
187,0.31767242965666026,0.27904746267764785,0.4395157657136174,0.001
188,0.31782474805105915,0.2770882993867548,0.4341572858564813,0.001
189,0.31677444292618345,0.2801848157051327,0.43866261042063165,0.001
190,0.31710779062799505,0.27762982738927466,0.42833701190643164,0.001
191,0.31756783565422436,0.27689138849169875,0.43040041598298534,0.001
192,0.318513966022848,0.27406134394386095,0.4263988342683505,0.001
193,0.3179694724915264,0.27863831272193185,0.4360817709950331,0.001
194,0.31673312657051256,0.27777733408081134,0.4305229899079576,0.001
195,0.31743843410466166,0.27913255275880144,0.43176815585664063,0.001
196,0.317113846339084,0.2755597659419086,0.4295129633562179,0.001
197,0.31636112002102107,0.27858176070852453,0.43217603905589524,0.001
198,0.3177272275358707,0.28387146918445416,0.44313445193922263,0.001
199,0.31717679461648873,0.28008247567739564,0.43631377401504556,0.001
200,0.3159938159289661,0.2793385995828826,0.4321075727602625,0.001
201,0.31721070898814246,0.2773718114550442,0.4268544809409439,0.001
202,0.31744497792946325,0.278959941885374,0.431376738446374,0.001
203,0.31641303096805606,0.2806317090341667,0.4369956424131924,0.001
204,0.31728889658912884,0.278506360049574,0.42807148178422094,0.001
205,0.31675135337554655,0.28199425174860104,0.43661372224699624,0.001
206,0.3165158448858304,0.27655186524322634,0.4292396724291869,0.001
207,0.31638372078672183,0.27911728890576254,0.4409325223960282,0.001
208,0.31690030310068046,0.2799988921307384,0.4401177396759218,0.001
209,0.3155962108626022,0.2741415766539592,0.42442607140914046,0.001
210,0.3165499136388839,0.27984101643068116,0.4347855768241498,0.001
211,0.3151836265046317,0.277013883165808,0.4308273901392283,0.001
212,0.31557924777000873,0.2789759901491473,0.431810785971951,0.001
213,0.3172836751416997,0.2768172047075029,0.431745192473013,0.001
214,0.3156797044180535,0.27537339015396634,0.4244469117185317,0.001
215,0.3154413355766116,0.2769682136486454,0.4282463623335186,0.001
216,0.31490067714774933,0.2744153496730268,0.4264315653126598,0.001
217,0.31611296547962736,0.2742082201697008,0.428030971704758,0.001
218,0.3151683080438021,0.27739200458767577,0.430717475661563,0.001
219,0.31418575903585366,0.28030181697211015,0.4389008922712837,0.001
220,0.31581535190343857,0.27454681113917906,0.4273360336768041,0.001
221,0.31437617385978095,0.2759050590909028,0.42632239599986965,0.001
222,0.3175427521000037,0.27612455787544193,0.42973640723472945,0.001
223,0.3154935915325139,0.2768539109774096,0.4297192137516025,0.001
224,0.3155118165923668,0.2802851660945382,0.4322600641814326,0.001
225,0.3148384119744773,0.2761118594354312,0.42620529573248134,0.001
226,0.3162517671112542,0.277266518113296,0.43288846756949,0.001
227,0.31559466026924754,0.28014988334794566,0.43650941283723443,0.001
228,0.31447895555882843,0.2768146332176969,0.42999148909714724,0.001
229,0.31488374076985026,0.2817207916835902,0.4373217815573683,0.001
230,0.3150759952830839,0.2773029970104333,0.4269856907267366,0.001
231,0.3154058953797495,0.27891189482889683,0.4288412925507806,0.001
232,0.3142695710868449,0.27848696803881584,0.42918817401630605,0.001
233,0.3141256393613042,0.2780963087051509,0.4400722732245833,0.001
234,0.3134953364864126,0.2759381552483977,0.42823881877350384,0.001
235,0.31526413479366816,0.2750483747060948,0.43201549134658535,0.001
236,0.31518199684115145,0.2778629847447171,0.43084503862109136,0.001
237,0.3165496311880447,0.27412805734254725,0.4269005148114075,0.001
238,0.3148699112840601,0.27548026396434083,0.42228266731273045,0.001
239,0.31426982863529307,0.2751497935955969,0.42569483956271503,0.001
240,0.31476180859514186,0.27592412599404864,0.42914792371909316,0.001
241,0.312933524382544,0.2788618135710509,0.43374906615565717,0.001
242,0.31375833580622803,0.27256889389919686,0.4180486511268609,0.001
243,0.31445893712408907,0.27417317589852264,0.42096996937299813,0.001
244,0.31461341249513197,0.274956089213627,0.4268981661367961,0.001
245,0.3137296753020974,0.2773724378695558,0.4309755450198562,0.001
246,0.3151391670779065,0.27211959973653344,0.41906328007817056,0.001
247,0.3149576117997771,0.27868992684697796,0.4283629316424485,0.001
248,0.3149230294936412,0.2741826338967712,0.42228743074691155,0.001
249,0.3146509248259905,0.279429051407649,0.4318125019020762,0.001
250,0.3144354347710137,0.2756729317492975,0.4242619490353024,0.001
251,0.31338548015903783,0.2751760964219089,0.4219679639047364,0.001
252,0.3138241182576429,0.2738715646539521,0.4234260145709436,0.001
253,0.3131198278284288,0.2790658808847635,0.4276134765622523,0.001
254,0.31360090577656086,0.27651195853701127,0.42718650164641214,0.001
255,0.31241703395907944,0.2712645044291203,0.4121378969940788,0.001
256,0.31401583914821213,0.27659884379960686,0.42525930930336003,0.001
257,0.31430611725863034,0.2752117671075987,0.4328398814523595,0.001
258,0.3129227759467589,0.2773344367395794,0.43063994964985974,0.001
259,0.31350167095661163,0.27304286180532356,0.4186799554167104,0.001
260,0.3136723184505025,0.27884862493763085,0.43324807380768365,0.001
261,0.3129592721123953,0.2766225563993813,0.4304038782271246,0.001
262,0.3134606986029728,0.27757411346480565,0.4260265769384194,0.001
263,0.31249841329482225,0.2806376769363651,0.4319877652883739,0.001
264,0.31321169858848724,0.2784986212730449,0.43374189859626744,0.001
265,0.313291413558496,0.27720921916261737,0.4275787857571095,0.001
266,0.3128198306705501,0.27626806604718585,0.42625906078347353,0.001
267,0.3137153492451788,0.276780879249005,0.43065546594231985,0.001
268,0.31207196078858934,0.27562587571400005,0.4243285034247266,0.001
269,0.31281386684995516,0.2767861792120435,0.4286942314901528,0.001
270,0.3118903069748535,0.2771304570327468,0.42974516842909155,0.001
271,0.31278798158641336,0.27590576703551656,0.4255313035979326,0.001
272,0.31275863717268176,0.2739131146221641,0.4166474039005352,0.001
273,0.313372969560258,0.2770767661688873,0.42827393343389675,0.001
274,0.3130386689224759,0.27584926566192425,0.4258243288607992,0.001
275,0.3124442520710799,0.2771741409627631,0.4283612969892261,0.001
276,0.312298841841586,0.2737499946628649,0.42008983242707876,0.001
277,0.31222792130869786,0.2735429471960393,0.4169324488349842,0.001
278,0.3129841461777687,0.27618382519572987,0.4225951724463632,0.001
279,0.31109160882932646,0.272963475286534,0.414054176203838,0.001
280,0.3118701410051939,0.2743798506563098,0.420695191914203,0.001
281,0.31099577852197596,0.2782591511582639,0.4276345804518797,0.001
282,0.3118668182476147,0.27654572972324026,0.4214515167916778,0.001
283,0.31186449198840976,0.2777468468865855,0.4244811642360773,0.001
284,0.31215813896946004,0.27651532304632026,0.42718462923925915,0.001
285,0.3115000734189609,0.2799030983118871,0.4345491263624008,0.001
286,0.3129060668451292,0.2760098804695751,0.42880071790555374,0.001
287,0.3112904883854024,0.2760381283711814,0.424560055243989,0.001
288,0.3117547117777773,0.2786056621948089,0.4296639993891101,0.001
289,0.3106348158808442,0.28058998233300037,0.4350180902934957,0.001
290,0.3113988236532555,0.27399153898446854,0.42197922265476545,0.001
291,0.31081421062484516,0.27665817593885794,0.42858276895334846,0.001
292,0.31017437536974213,0.27536766431008364,0.42577322012129337,0.001
293,0.31134334461646035,0.27886928851414383,0.4339417068476096,0.001
294,0.31113667685437846,0.27294637624659923,0.42545601384045184,0.001
295,0.3104383733358469,0.273732935628384,0.42072723400383166,0.001
296,0.3113514427934681,0.2740628094601072,0.4280709037307348,0.001
297,0.311723623726819,0.27153912009470954,0.42333135204590505,0.001
298,0.3108366249917864,0.2728513106282877,0.42452497780386,0.001
299,0.31086981887215964,0.27736151688705174,0.4296676872336244,0.001
