0,0.4004855612549213,0,0,0.001
1,0.35178114624198425,0,0,0.001
2,0.3451741086233647,0,0,0.001
3,0.34381394976869634,0,0,0.001
4,0.3408505980848172,0,0,0.001
5,0.33867813851855216,0,0,0.001
6,0.33588850990347907,0,0,0.001
7,0.3357739836797802,0,0,0.001
8,0.33597771290245404,0,0,0.001
9,0.33396217226982117,0,0,0.001
10,0.33374465441485063,0.22480736634275783,0.38887856014280153,0.001
11,0.3520141801702867,0.22690848584555676,0.39094553256468956,0.001
12,0.33494408387656605,0.22528569602163323,0.387055543832189,0.001
13,0.3331564459778847,0.22810327820313056,0.3980626449148456,0.001
14,0.3325330240463992,0.2266648222609033,0.38818999965756024,0.001
15,0.3301198165351098,0.2242744375672506,0.383872921660201,0.001
16,0.3287081506547578,0.22551047073845018,0.3865831263496197,0.001
17,0.3297366628406245,0.22535642823659047,0.3873700387310696,0.001
18,0.3287175027055478,0.22454692570348606,0.3878450239889116,0.001
19,0.3274633837949245,0.22398379872254115,0.3906671483819618,0.001
20,0.32839180187347833,0.22389809012556317,0.38976983865225223,0.001
21,0.32717151967210506,0.2209985992056618,0.3807119291095603,0.001
22,0.3282177729890981,0.22287277266635877,0.3887889293074034,0.001
23,0.32557406420007756,0.22219225286406838,0.3845938318824918,0.001
24,0.32535510817799,0.22345730532501396,0.38825802973627427,0.001
25,0.3265853890585243,0.2215306276973038,0.38232725779756904,0.001
26,0.3269250775695941,0.22158743796871033,0.38604827869030334,0.001
27,0.3255188050893469,0.22302159839811916,0.3816653273629904,0.001
28,0.32714488883630943,0.2225006497949115,0.38308485893933863,0.001
29,0.3265905525159398,0.22166070298577073,0.38115714727053385,0.001
30,0.3253866464173028,0.22543688729250722,0.3936150571123308,0.001
31,0.3252235924432037,0.2223919003278749,0.3852281920806197,0.001
32,0.32607563045046745,0.2239747176530484,0.38990893345318445,0.001
33,0.3266872944088157,0.22145304273339578,0.38495505285101644,0.001
34,0.3244837219015174,0.2222711639246122,0.3875011078972194,0.001
35,0.32430154549966167,0.22231062488175535,0.3867984312546041,0.001
36,0.3239985228678502,0.22174533816333752,0.3846101382150073,0.001
37,0.3234461213744015,0.22174445088298997,0.38378680476328714,0.001
38,0.32454328635416996,0.22274165866948356,0.38688238290852434,0.001
39,0.3259013563121131,0.22173697868420902,0.384637763506674,0.001
40,0.3234434075858615,0.22323067661069024,0.38667893894196725,0.001
41,0.32401468365564257,0.2224081489572868,0.38543564839266614,0.001
42,0.32486806276741376,0.22008148228677385,0.3808814765234501,0.001
43,0.3242764351291394,0.22147925955534736,0.38445446581664544,0.001
44,0.32377201182032944,0.22185692554324093,0.3856801866735253,0.001
45,0.3242800875541267,0.2230764850927126,0.38774069545575823,0.001
46,0.32414515056741344,0.22220532533185317,0.38962393540871226,0.001
47,0.3238981598560963,0.22281164412597784,0.38299546098750403,0.001
48,0.3212740352941216,0.22288089724323243,0.383781149491503,0.001
49,0.32398544621030123,0.22412641118479282,0.39066098518648523,0.001
50,0.32154875351201506,0.22184686611634333,0.38102609556475253,0.001
51,0.3234657374543881,0.21990606451865655,0.38122673611971253,0.001
52,0.3245682565990938,0.22489099049682496,0.3938230590215675,0.001
53,0.32297547585373626,0.22193392566345455,0.3856413949256555,0.001
54,0.32098867067503273,0.22311992239972214,0.38602039770648355,0.001
55,0.3219752965170309,0.22296568515969845,0.386647060870818,0.001
56,0.3245303097668044,0.22536177226288903,0.39098948062678623,0.001
57,0.32058132118588195,0.22202884636133932,0.39006349279238,0.001
58,0.3206683071928287,0.22199898734846565,0.38883995809947586,0.001
59,0.32208004921948147,0.2247212094390211,0.3921873880604614,0.001
60,0.3218071969277268,0.22308153874207198,0.39009793266137854,0.001
61,0.31946239955381517,0.2232213499949342,0.3875734425859693,0.001
62,0.3211248839667084,0.22426459453356856,0.3918963732673871,0.001
63,0.32122741325185933,0.2233951171028091,0.3864866063763973,0.001
64,0.32009585065032364,0.22152370164626545,0.3860032049063407,0.001
65,0.3211087856544267,0.2242973902965301,0.3911316880923287,0.001
66,0.3213729697083115,0.22090182272752995,0.3844036909077689,0.001
67,0.3198210255268517,0.22145755102151565,0.3867795720117243,0.001
68,0.31989381455500193,0.22130390974109665,0.38335748230156824,0.001
69,0.32228775759902567,0.22471519767160292,0.39063899235801314,0.001
70,0.32615410406655126,0.222919621981054,0.38357463674720793,0.001
71,0.32652557702786333,0.22509397719056498,0.3902221062403788,0.001
72,0.324491171525159,0.2237834445594955,0.39514800746719103,0.001
73,0.3248174280748455,0.2224140637750913,0.3909054265701643,0.001
74,0.32291306199830605,0.22368888507626117,0.3945174501687809,0.001
75,0.32478477853700655,0.22673055210650234,0.39468431686555505,0.001
76,0.3217608332633972,0.2226616018836783,0.38518189371135336,0.001
77,0.3219141827537379,0.22334078421125497,0.3928179659652523,0.001
78,0.32097815988807504,0.22197079053121296,0.38360947128345463,0.001
79,0.31850590495341413,0.22359794633863142,0.38911857272760764,0.001
80,0.3189807643584155,0.22259996049085207,0.3884900474385686,0.001
81,0.3198826812002637,0.2226992514193484,0.3858673363410642,0.001
82,0.31760073063570426,0.22446251703880787,0.3873660170261935,0.001
83,0.3159603348018926,0.22386638157203356,0.38642789879740297,0.001
84,0.3159771260865238,0.2235761829068843,0.38598164292425874,0.001
85,0.31582493013745055,0.22252492841109262,0.3861889174754422,0.001
86,0.31721880772245037,0.22418471617909666,0.38971863273968493,0.001
87,0.3165165051954602,0.22514961625401006,0.38926309109651513,0.001
88,0.31557767913429013,0.22449817782277587,0.3916822100502812,0.001
89,0.31585095658761647,0.22130283139293283,0.3820151329470855,0.001
90,0.313943349986995,0.22108039311461536,0.38265767985582766,0.001
91,0.3136661183943442,0.2233549067130925,0.38402028229395796,0.001
92,0.31286595269627526,0.22417395414277594,0.38647457099158566,0.001
93,0.31596135505295675,0.2256707249368124,0.38813400897482353,0.001
94,0.31785907589514323,0.22001848900001064,0.38088251297721587,0.001
95,0.3146264805979685,0.22379228197033235,0.38315256647313745,0.001
96,0.3131608629445417,0.22112150766827912,0.38215872670296597,0.001
97,0.31228819967956717,0.22062938120471068,0.379840079743125,0.001
98,0.3133041825863199,0.22076795633689011,0.38090515891784993,0.001
99,0.31240889689791096,0.22182592216837782,0.38388242749378987,0.001
100,0.3134726583957672,0.22055423655014295,0.3831169905790826,0.001
101,0.31348905281736217,0.22402234125381457,0.3859007834858685,0.001
102,0.31086171999437,0.2224634706405201,0.38571685800907735,0.001
103,0.3124579653280591,0.22360414959333416,0.38691710985114897,0.001
104,0.3115370094502738,0.22189205832147085,0.3818218010506954,0.001
105,0.31476681713664206,0.22194762098924956,0.3818476858110345,0.001
106,0.31265697580411894,0.22240588298946382,0.38198467876112174,0.001
107,0.3098887210592217,0.223244884736497,0.38697041509775143,0.001
108,0.31156396428379446,0.22843821536599404,0.3975236916307739,0.001
109,0.31612994309959064,0.2268334093021562,0.3961205707559005,0.001
110,0.3144897081709783,0.22477804435419096,0.38963334056990623,0.001
111,0.3127699572285381,0.22171759992981727,0.3858815619796676,0.001
112,0.31307689038985365,0.22213175698676946,0.38893769259076255,0.001
113,0.3146167233449603,0.22666253143958282,0.39130015123306516,0.001
114,0.31320727664396303,0.22178742677485597,0.38609012482290467,0.001
115,0.31280990040630374,0.22000067517702498,0.38027808378319944,0.001
116,0.3111539220591204,0.21944295362205285,0.3774841380653867,0.001
117,0.31036083755690025,0.2221391239514376,0.383898355439671,0.001
118,0.31097039457308046,0.22300857076101024,0.3859360979462978,0.001
119,0.3101252708413185,0.22192430746478792,0.3865822119611328,0.001
120,0.31144058991462814,0.22346180805517868,0.3875457428911107,0.001
121,0.3117802363196644,0.22743698068370247,0.3956088419615233,0.001
122,0.31202209611004644,0.22564315003376623,0.3904602158023198,0.001
123,0.31340422611170954,0.22221363620509102,0.3881167653665814,0.001
124,0.3114894070756545,0.22184493016521503,0.38745112955866756,0.001
125,0.3103783647401617,0.2220086542054565,0.38497952457991264,0.001
126,0.3113206050811558,0.22436130069832458,0.3909575566238568,0.001
127,0.3103554036912568,0.22180010567649674,0.3878843941311503,0.001
128,0.3088305730611906,0.22327653598016847,0.3858400623016753,0.001
129,0.30885140748198975,0.222521994020514,0.3851701254229895,0.001
130,0.30925497672426594,0.2232982939588275,0.3844884056269824,0.001
131,0.30743240858983556,0.2196982547258283,0.38153324596736987,0.001
132,0.30759386622577634,0.22105571558406925,0.38489597404256587,0.001
133,0.3068371944197821,0.22274266958811617,0.3862743534179849,0.001
134,0.30800470190310697,0.21978204252497074,0.37976332144642244,0.001
135,0.3069801450869359,0.22272694204321522,0.3880197338517523,0.001
136,0.3072102899671695,0.22110941408223458,0.3837710345899249,0.001
137,0.308042361101973,0.2196135382238424,0.3823025518480541,0.001
138,0.3076780170475671,0.22203345217584178,0.3843909327266219,0.001
139,0.30683666836777956,0.22235498438984944,0.3876217799644841,0.001
140,0.30607158424110587,0.2218669380421211,0.38432237246617806,0.001
141,0.3065761076200993,0.2211668712262122,0.383957703546778,0.001
142,0.30746599936157193,0.2224257959891848,0.3855473345048813,0.001
143,0.3072139831311112,0.22099481035813107,0.3822930927327485,0.001
144,0.3062715822950416,0.22146906395854887,0.38323133161111234,0.001
145,0.3076684554235651,0.2213422915111394,0.38486959166172474,0.001
146,0.3055937027712481,0.2212110322209275,0.3845760484971823,0.001
147,0.30581806941863593,0.22142021409460527,0.3866177872259852,0.001
148,0.3053027577356461,0.22218017925520223,0.38644417705175826,0.001
149,0.30547202193955764,0.22378263252127645,0.38949387674172636,0.001
150,0.305315018110319,0.2227346313168478,0.3866236370786326,0.001
151,0.3061718746609644,0.22265472648343865,0.38747719537201686,0.001
152,0.30742894372808827,0.22278070529680127,0.38625159870397413,0.001
153,0.3051385010054352,0.2239011961835486,0.3904317049081791,0.001
154,0.30630094455469636,0.22048793617520565,0.3856873119982261,0.001
155,0.3072411464441807,0.22348722641919783,0.38704775399103153,0.001
156,0.3056805184401503,0.22226312817015365,0.38723430678137893,0.001
157,0.3069186816248325,0.2250272237898504,0.38860862835143023,0.001
158,0.3049171766556731,0.22013058786908735,0.38364957625552587,0.001
159,0.30334619521547895,0.2219590608863629,0.3871404438515294,0.001
160,0.30550360720638836,0.2207392582025707,0.38301882335379844,0.001
161,0.30392106109802874,0.2223943211843722,0.3856521448498247,0.001
162,0.30574779855001954,0.22224962144779858,0.38299249563492177,0.001
163,0.30380008663606206,0.22111654551544535,0.38294124913879524,0.001
164,0.30302771884913837,0.22109010758125966,0.38490863973095,0.001
165,0.3044325825544672,0.22025888141346428,0.3821188788387533,0.001
166,0.30525835008796204,0.22241745045737765,0.3872620108020045,0.001
167,0.3034215795064191,0.22157240584983762,0.3852137343449558,0.001
168,0.3036774059227847,0.22152511284253507,0.38421451583748495,0.001
169,0.3050375090006295,0.22204317461238401,0.38489594604305605,0.001
170,0.3041526203582046,0.2205143121329482,0.3809772416896616,0.001
171,0.304050471257726,0.22206155052290813,0.38478931195475863,0.001
172,0.30386742238604697,0.2228460279959697,0.3892455512912111,0.001
173,0.30256923308613104,0.21993698137818027,0.38421277499155604,0.001
174,0.3044562985044007,0.22442104740521776,0.3904102228348106,0.001
175,0.3023590554884814,0.22227591026099927,0.38834091921777786,0.001
176,0.30333932331942637,0.2214307973849914,0.385821684241383,0.001
177,0.3031705879016754,0.2213723273299067,0.3849800299867952,0.001
178,0.3023975099172067,0.2238961783987299,0.3934168517282233,0.001
179,0.303512225047164,0.2209223159567939,0.38258814920787726,0.001
180,0.30261791654683035,0.21997485532939742,0.38529206659163256,0.001
181,0.3013577939720329,0.2214980799449819,0.385014651695307,0.001
182,0.3053492992569547,0.22198261041418374,0.39185518158400295,0.001
183,0.3034054232299875,0.22042603146114637,0.3826298768144637,0.001
184,0.3020954417799591,0.22206443693679853,0.38511852358476906,0.001
185,0.30157787263940233,0.22134291641405762,0.3838824279656917,0.001
186,0.30219743257268855,0.22218782521873157,0.3875407796633913,0.001
187,0.30347706514214157,0.22241839814116218,0.38715974164852957,0.001
188,0.30203484791681307,0.22030524178540797,0.3867639306675674,0.001
189,0.30298624673020946,0.21976211085890987,0.3803086356528464,0.001
190,0.3017306452224014,0.22047413933807908,0.3841791309063792,0.001
191,0.3023788017143897,0.22051307900097716,0.3838569875795958,0.001
192,0.30234148373844427,0.22181449312500703,0.38359492876275814,0.001
193,0.3041898358032244,0.22079054711744966,0.3846527325479936,0.001
194,0.3028358400141427,0.22192929258351177,0.3856262228092393,0.001
195,0.30120921955196134,0.22062372341611453,0.38436367158588364,0.001
196,0.30205952314608686,0.21926345285425078,0.38308177049902353,0.001
197,0.3025617971332795,0.22253510722915862,0.38711489524260895,0.001
198,0.301114273727487,0.2213296566536714,0.38524529388235557,0.001
199,0.3019142319029624,0.2194545858978209,0.3832784916731588,0.001
200,0.3012693363045334,0.21935325603872563,0.38258198774270746,0.001
201,0.30073882010551767,0.22083062794389133,0.3847335564364444,0.001
202,0.30042868032367953,0.22008733030424962,0.3829065322634101,0.001
203,0.30031961872490176,0.22033034224487996,0.3828833057261985,0.001
204,0.303404380011996,0.22288309142954046,0.38656759409344077,0.001
205,0.30115694750886446,0.219730387886157,0.3827069512854065,0.001
206,0.2990942410099397,0.22106527332686535,0.3826788573952016,0.001
207,0.30086315853880086,0.22155600117821356,0.38666270724859464,0.001
208,0.30086774590912213,0.22050746426031656,0.3832929711163079,0.001
209,0.29901446169669477,0.22181277576930297,0.3872783681785702,0.001
210,0.3011326783020562,0.22016516254472776,0.3835108469425773,0.001
211,0.3003699131515048,0.22033788837495094,0.3846627805968094,0.001
212,0.30132739327916314,0.2201100475020718,0.3820671230032288,0.001
213,0.29953381583231303,0.2188669589787266,0.37950858426545564,0.001
214,0.2993326504296119,0.22115294744748765,0.38066508703071117,0.001
215,0.29904761937780117,0.22071161372021825,0.38423985460738225,0.001
216,0.2996994641122468,0.22073388533782567,0.3841711842365065,0.001
217,0.3002643890063697,0.22056330870593405,0.3831136189976568,0.001
218,0.2977607853095466,0.2196515051397243,0.38307392324314077,0.001
219,0.2977398901904395,0.2227835503930629,0.3893673019688069,0.001
220,0.29912891997656693,0.22204466529789882,0.38803192952589277,0.001
221,0.298425243535173,0.2208130849401348,0.38716722978710355,0.001
222,0.29884790116493853,0.22146155222487948,0.38723339199964046,0.001
223,0.299427181619023,0.2210913771021068,0.386635319323559,0.001
224,0.299026935335693,0.2206385374638984,0.38531579515376346,0.001
225,0.29883110577907035,0.2200799426283336,0.3851534883659267,0.001
226,0.2977343480521386,0.2204174746221769,0.38427249794603346,0.001
227,0.29926640437830476,0.22062251172946096,0.386808302654827,0.001
228,0.3013453352341958,0.2215776763118809,0.3884232978655276,0.001
229,0.2986397803376574,0.2193238703958424,0.38192543368591897,0.001
230,0.29800752625552884,0.21927268131442176,0.38158547732265974,0.001
231,0.2983369814966797,0.21927746414455201,0.38263528024795995,0.001
232,0.2981169117153238,0.22089284217313154,0.38507378807578346,0.001
233,0.29962054551194567,0.2223707146088609,0.3880348353401915,0.001
234,0.2984140267886153,0.22143877095327263,0.3845294234931847,0.001
235,0.2986324395335049,0.22286701929142097,0.38954566828449094,0.001
236,0.3000990607596319,0.21990212141165397,0.38378341729449894,0.001
237,0.2984761405702031,0.22067408504385563,0.3868341071918514,0.001
238,0.29886674170100364,0.22095979130824733,0.38377859194077035,0.001
239,0.29851595360204713,0.2230196713606925,0.387834983647826,0.001
240,0.29916286140406895,0.221176826782269,0.3833835640022799,0.001
241,0.29728812157014095,0.22111553082159793,0.38680459964100106,0.001
242,0.2992186469769259,0.2223299112482513,0.3892823127600166,0.001
243,0.2978682944534022,0.22068273138687622,0.38319759346016646,0.001
244,0.2997656409893561,0.2232580869772909,0.38636732799259965,0.001
245,0.30008873958653265,0.22306367657536333,0.38814561807496295,0.001
246,0.29816868969606697,0.2218625239770709,0.38995646592444183,0.001
247,0.29887418025130524,0.22120138675682058,0.3862429552710182,0.001
248,0.29839177292968155,0.22079048923082256,0.3897320896501728,0.001
249,0.2980606221004364,0.22206603091638524,0.3876301068299482,0.001
250,0.29837214946746826,0.22141434415991018,0.3897454215066702,0.001
251,0.2977048643958678,0.2206083419325712,0.3851149180973257,0.001
252,0.29772603279406873,0.22317146299558846,0.389381261140165,0.001
253,0.2967113810121466,0.22063732436153927,0.38451460797726733,0.001
254,0.29616662422451406,0.22219132017627602,0.38926253787024495,0.001
255,0.2984758872504628,0.22069847403263643,0.3847962849338118,0.001
256,0.29738848786288447,0.22104270409649035,0.38726725772138676,0.001
257,0.29798951239214033,0.2205733602678008,0.38524381981827316,0.001
258,0.29847000060825174,0.22165387026643185,0.3864413402924304,0.001
259,0.2982451133771774,0.22027322576160546,0.38057150441056126,0.001
260,0.29635546705044735,0.22238957463825096,0.38781977786907773,0.001
261,0.2966654991064597,0.22069365240168728,0.3863570575207113,0.001
262,0.2973880190914924,0.2203895830729885,0.38596944630631463,0.001
263,0.29768955324767926,0.22095250603503303,0.3870764656007596,0.001
264,0.2967799135030956,0.2207129325285921,0.3857694349538228,0.001
265,0.2964061126796477,0.21964952608822694,0.3856067445884314,0.001
266,0.29756383925949764,0.22006640596642774,0.3809586038474003,0.001
267,0.2963180062147455,0.2202745130049888,0.3818206167343497,0.001
268,0.296858429088505,0.2220957531825891,0.38651536124379504,0.001
269,0.29506651660717953,0.2227533339931872,0.38615597243420746,0.001
270,0.29857008541942737,0.22073522878996288,0.3837356716809055,0.001
271,0.2980972980960793,0.21957328746030072,0.38269755383194276,0.001
272,0.29731027330827275,0.22112275553407462,0.38649291019862553,0.001
273,0.2970930199830904,0.22065978594585864,0.3870742089661074,0.001
274,0.29659374331662414,0.22036145966269047,0.3847512565310772,0.001
275,0.29770832078172527,0.22263099453933552,0.3887290550297324,0.001
276,0.2951857978050862,0.21932260344423865,0.3847756607780086,0.001
277,0.2953930583295472,0.22047257472127424,0.38724753945983725,0.001
278,0.29493725545909427,0.22175568581739924,0.3887149294343214,0.001
279,0.2953226327075871,0.22096371622081187,0.38524043549549736,0.001
280,0.2982009270595848,0.2222435722428335,0.3893182883549394,0.001
281,0.2965660759615242,0.22010234401895015,0.3843242603881839,0.001
282,0.295944868151201,0.2193849520606394,0.38379177735039327,0.001
283,0.2960047751938531,0.22051851819414908,0.38623341624699914,0.001
284,0.29517410053025694,0.22128913564766953,0.38764407433823905,0.001
285,0.295596982087564,0.2204181021467721,0.38612523966885093,0.001
286,0.295518703143531,0.22076242585692674,0.3862337819709338,0.001
287,0.29580923176686696,0.22045148385453237,0.3878021035717461,0.001
288,0.29673337362228186,0.22118127660699283,0.39057489613178054,0.001
289,0.2969253920360443,0.22092272850387903,0.38836437281843017,0.001
290,0.2957485911496189,0.22121971311765032,0.3886164150465754,0.001
291,0.2959012627054792,0.22040399322522117,0.38616579066682183,0.001
292,0.29652181746215994,0.22166793294160134,0.3878066723681683,0.001
293,0.29521522664148875,0.22336534549664502,0.3953645334968656,0.001
294,0.29507888839879165,0.22190001846676607,0.3907939847458074,0.001
295,0.294739758202789,0.2211448321513504,0.3883291245029103,0.001
296,0.29551484811743467,0.21977602855534392,0.38570978231272124,0.001
297,0.2943822256195436,0.22147535734650522,0.3881693231206516,0.001
298,0.29423479093324156,0.21951860368350334,0.38553407500666775,0.001
299,0.29584628548644004,0.22002181103174337,0.3858237952156638,0.001
