0,0.4105193538403292,0,0,0.001
1,0.35298182767465575,0,0,0.001
2,0.3465716890785672,0,0,0.001
3,0.34314639237495737,0,0,0.001
4,0.3370097968556465,0,0,0.001
5,0.33676874993044303,0,0,0.001
6,0.335888738889213,0,0,0.001
7,0.3372861272698149,0,0,0.001
8,0.3340831554810935,0,0,0.001
9,0.3375422424132671,0,0,0.001
10,0.3339583641345348,0.22306890152509473,0.3862097749080604,0.001
11,0.3320788820402338,0.22057431995886578,0.37780860204817346,0.001
12,0.3315234397529462,0.22190151056798643,0.38539258986555885,0.001
13,0.3302436330176275,0.21890124574180417,0.3798844329329609,0.001
14,0.33019797791034805,0.2192465503786071,0.38221436676262727,0.001
15,0.3273263639266338,0.22134322435623238,0.38493950620183104,0.001
16,0.32919131520144435,0.21896488936175204,0.37609740083628207,0.001
17,0.3264748104121707,0.22006528546169854,0.38243315162916264,0.001
18,0.325452218088535,0.22093830446341864,0.39023541245687554,0.001
19,0.3234666632402928,0.2209308539196893,0.38817134868069736,0.001
20,0.3234851957734572,0.2212257816705913,0.38573655125982875,0.001
21,0.32261017580097967,0.22196351889071883,0.38999321866306313,0.001
22,0.3229517895694173,0.22026035322290502,0.3872176075119221,0.001
23,0.323634095148209,0.2236738725150985,0.3903148203251717,0.001
24,0.32686602385765917,0.23031373668324548,0.4149617331882151,0.001
25,0.33377686744436214,0.22809933001007468,0.40021806684449773,0.001
26,0.3298464972491658,0.22157462840269027,0.38755226095677936,0.001
27,0.3239433759943061,0.22015296618894672,0.3841673173154376,0.001
28,0.3232342375254412,0.22020748778880786,0.3837470369650885,0.001
29,0.3220717257589375,0.2212023414142658,0.3825567877906047,0.001
30,0.3202139258111289,0.21905261145906252,0.38306257447552255,0.001
31,0.31912204131073907,0.221227643637996,0.3871563625166741,0.001
32,0.319245860253999,0.22339377784535505,0.3966172173311641,0.001
33,0.3179039777418889,0.22012394029257482,0.3870539274110482,0.001
34,0.317238467959089,0.21991874829661645,0.38448407812970675,0.001
35,0.319219227230877,0.2195337275610694,0.38184524489870947,0.001
36,0.31687432609566857,0.21863787936348772,0.3842601147695575,0.001
37,0.31822646867244614,0.21914116142952086,0.38503783426699617,0.001
38,0.31600460560496796,0.2188817786893327,0.38065441135243333,0.001
39,0.31626767384896587,0.2201665302735935,0.3829583063458062,0.001
40,0.31581203270395963,0.21984201254630667,0.3862794485422717,0.001
41,0.31639577790137824,0.21955091454109588,0.38307623493300896,0.001
42,0.31587104430986107,0.22016369068285346,0.3853492101305916,0.001
43,0.31478981017519575,0.22012465857962607,0.38712958476073206,0.001
44,0.31326563711013267,0.21968151641959532,0.3850582883021819,0.001
45,0.31440280405206417,0.221939181548974,0.39120468627508126,0.001
46,0.3158727523383744,0.21902184109884687,0.3878036078375469,0.001
47,0.3137758661300764,0.2197478029520783,0.3887944241325581,0.001
48,0.313181068372289,0.2187876874900355,0.38456163818765443,0.001
49,0.31351595337784616,0.2204606136872164,0.38447903609437817,0.001
50,0.314392107752485,0.22071931384759338,0.3873446268163854,0.001
51,0.31320848664559353,0.2196388241931755,0.38730386723779625,0.001
52,0.3113510636014676,0.22019774107553705,0.38547441182642483,0.001
53,0.3122358707659835,0.2198755404912073,0.38715908916557007,0.001
54,0.3119048213740008,0.21995343082804666,0.38782144399721347,0.001
55,0.31202836813183005,0.2198895633168871,0.3878848917516523,0.001
56,0.30985073690567544,0.2195491970280912,0.3835957985565201,0.001
57,0.3125335980172551,0.21730564700742105,0.3816582461611127,0.001
58,0.31082649693029735,0.21927254912946983,0.3838443379358746,0.001
59,0.31040988493403165,0.21995993253445362,0.38581572931192337,0.001
60,0.31003851122265563,0.22060086758401515,0.3865251094776348,0.001
61,0.30699741416568055,0.22072547006941162,0.39241386130925626,0.001
62,0.30738217390458517,0.21961787122664128,0.38552831921978936,0.001
63,0.30815461893147283,0.2201847619918853,0.3837846601266743,0.001
64,0.3075786641704927,0.21908415495181127,0.3813881553388176,0.001
65,0.30630487463343037,0.22119350610077054,0.38759881045648076,0.001
66,0.3078884676508947,0.2197325137515637,0.38429191481960073,0.001
67,0.3079904637752323,0.21965124349636453,0.3871034513081174,0.001
68,0.3085142661125288,0.21843044415586232,0.3853856868852803,0.001
69,0.3071156148243388,0.22023154539762194,0.38689335997478447,0.001
70,0.3071016544869187,0.2193766060569304,0.3858815621369682,0.001
71,0.3069162155510089,0.21757026287697273,0.38488052491976305,0.001
72,0.30621338984288204,0.22090154870985496,0.3880750075582765,0.001
73,0.30431010717645696,0.2201671826516862,0.38493652110802135,0.001
74,0.3059542474396732,0.22067162349893205,0.38755888441386144,0.001
75,0.30592190344399267,0.2188563632091582,0.3841642306840795,0.001
76,0.3048740336927799,0.2193841253410294,0.38475675041242824,0.001
77,0.3044671417649733,0.2191324003094833,0.3876364793138958,0.001
78,0.30382821565374324,0.2186323950250387,0.3860286152480188,0.001
79,0.30486229308154605,0.218711067041078,0.3842540144943278,0.001
80,0.3055925890119798,0.21943676027728898,0.38696119555128555,0.001
81,0.30340303836065696,0.2217801303857314,0.3869916868601949,0.001
82,0.30241205782518477,0.2205744994388699,0.38969753731123313,0.001
83,0.3042726269282332,0.22448444537403525,0.39643421450114225,0.001
84,0.3106954123722304,0.2199780076337643,0.3892601517771849,0.001
85,0.3041276250957349,0.22158007399275395,0.3894126573995243,0.001
86,0.30387630060725257,0.21974594491718902,0.3863409595328631,0.001
87,0.3056338145098555,0.22035897174369676,0.3886308944110741,0.001
88,0.302892680015039,0.21820083165856624,0.3836147100232048,0.001
89,0.3035091782381775,0.22104232867235085,0.3890451695744164,0.001
90,0.30168369015969265,0.21857566141146625,0.3845250217500178,0.001
91,0.3042136520967571,0.22447032722418148,0.39587353029412586,0.001
92,0.3096493015048701,0.21783729147582315,0.3826671119154272,0.001
93,0.30330616454465675,0.22077141191684674,0.39173982722139816,0.001
94,0.30427939219212313,0.22165728447632618,0.38951420438586637,0.001
95,0.30276137590408325,0.2208193927997479,0.38873344324504616,0.001
96,0.30106618809043817,0.21945968878227345,0.3881726003217072,0.001
97,0.30217992056400406,0.2175349203645867,0.3801068699265726,0.001
98,0.29947783121275245,0.21727316815276948,0.3835173115260362,0.001
99,0.30101157054988614,0.21756602708595524,0.38199222573012653,0.001
100,0.30313837993035625,0.21856971408486753,0.38644772024815727,0.001
101,0.3006868895587571,0.22033325230629647,0.38967857472184786,0.001
102,0.3001179626775444,0.21905579197267339,0.3822393863695726,0.001
103,0.3023241960674251,0.21857838863713214,0.3856296166487025,0.001
104,0.300991080906413,0.22069057261290492,0.3894913525387246,0.001
105,0.2999202827794836,0.2179802509956697,0.3849998899762007,0.001
106,0.29903184902777363,0.2179692647535361,0.3830654935030731,0.001
107,0.2988323577500265,0.21981416960300895,0.38667544576716445,0.001
108,0.3029117720936417,0.21892174290358354,0.3859368948312238,0.001
109,0.3006182936353421,0.21839793163887866,0.383546554339948,0.001
110,0.3045249320224884,0.22305074232238745,0.39304680879054243,0.001
111,0.30816023858315356,0.22029047408887262,0.38680822927408914,0.001
112,0.3027894890636479,0.2207890058335697,0.3857351913959944,0.001
113,0.29921237878296353,0.21988815448012675,0.3884893751357313,0.001
114,0.2985741241809425,0.21852771796611195,0.38330805168376497,0.001
115,0.2995281189406684,0.2189743359454454,0.38557732701353403,0.001
116,0.29931430573310325,0.21991396583352096,0.3906356242372009,0.001
117,0.29860534430097,0.2186328209426763,0.3857099575456086,0.001
118,0.2960013743114034,0.21855803771249313,0.3856742274969491,0.001
119,0.2960958177343421,0.21644045853528768,0.38265239062257944,0.001
120,0.2989598047842673,0.2192851773278784,0.3863125864340629,0.001
121,0.2980791741828306,0.21938994855744123,0.3887257705928484,0.001
122,0.2973732501268387,0.2163859110856918,0.3826794139247847,0.001
123,0.2954863812945305,0.21780163179295947,0.3867207295474508,0.001
124,0.2991340655252474,0.21832559705496848,0.3864269288817982,0.001
125,0.2966550911238434,0.2205387320050835,0.3913298789261291,0.001
126,0.2951665846032834,0.21772239375686625,0.3891724988397456,0.001
127,0.297457535332496,0.21745030899184659,0.3855260844499229,0.001
128,0.2972630106527871,0.2173419332186427,0.3822969535190933,0.001
129,0.29702861087584714,0.21785767973314196,0.3848733372253676,0.001
130,0.29481815375866144,0.21727473701669098,0.383687091430238,0.001
131,0.2956166002181692,0.2193045293411652,0.3897262552129859,0.001
132,0.2966510415624041,0.21795107566371155,0.38496432635159394,0.001
133,0.2976601553072623,0.21672449007244257,0.385808770804527,0.001
134,0.295059710877751,0.2155200862276951,0.3830843132634981,0.001
135,0.2938318610738177,0.2162154104299982,0.38213756882616917,0.001
136,0.2948706720126878,0.21581390086699692,0.3804508118942163,0.001
137,0.293825478865466,0.21699989697406202,0.3840772186680043,0.001
138,0.29490133409106406,0.21509676892660626,0.38192652299269203,0.001
139,0.29377847595499196,0.214553766095244,0.3811917777878802,0.001
140,0.2927857526671996,0.21740563351924627,0.39082869469996545,0.001
141,0.2950166962835767,0.21575456932886583,0.3854275714778825,0.001
142,0.29527847837964327,0.21445247875974885,0.3830225365921645,0.001
143,0.2938858366340672,0.21541187771748077,0.3865361147007054,0.001
144,0.29639586204782536,0.21686965819782042,0.3844174822393686,0.001
145,0.2926775638116609,0.21866987614418143,0.39038043654726684,0.001
146,0.2944220211527763,0.21663170347203012,0.38299522212651704,0.001
147,0.29383684421351197,0.21686914109825844,0.38775544930983374,0.001
148,0.29325322888859917,0.21561366179556946,0.38357155916063534,0.001
149,0.2943394635248622,0.21740146473829167,0.38688343666535796,0.001
150,0.2937998433998965,0.21462439884377768,0.3795952705906032,0.001
151,0.2937082506101066,0.21648335970936056,0.3853034461901717,0.001
152,0.29253864343013236,0.21696601290056428,0.386840478653345,0.001
153,0.29198062173817135,0.2151333712072012,0.3809396566734755,0.001
154,0.2928401767660718,0.21684426285212488,0.38326026863262463,0.001
155,0.29251029513297827,0.21524314485855578,0.38195777233327494,0.001
156,0.292667717971933,0.21608701170394198,0.38527279317622803,0.001
157,0.2912667064218346,0.21635112373961704,0.3847721721649237,0.001
158,0.2932121440631534,0.21930007521689118,0.389155996432011,0.001
159,0.29336925165368877,0.21653391565579733,0.3857001534700498,0.001
160,0.2951360749542166,0.21792088857418415,0.38738031934884776,0.001
161,0.290866749275715,0.21622073096607128,0.38491474330949277,0.001
162,0.2934688790402281,0.21635567297833092,0.387047207056786,0.001
163,0.2922592510324006,0.2158782229769399,0.38235569570422345,0.001
164,0.29186313852257684,0.21622431752500842,0.38604102060388173,0.001
165,0.29178522417851543,0.2160005439217523,0.3823323312143707,0.001
166,0.2920597153245856,0.2143835350003746,0.37923374186342135,0.001
167,0.29141976322055957,0.21544496113083744,0.3807776449029461,0.001
168,0.2906210259833467,0.2164125412412316,0.38146374552113793,0.001
169,0.2908157076037258,0.21743201487764335,0.38744960625949204,0.001
170,0.29046355420296344,0.21763019934084368,0.38532054020552703,0.001
171,0.2906437892159191,0.21852236382014037,0.3874954759059266,0.001
172,0.29244090548349083,0.21704699115338455,0.38622450941416,0.001
173,0.2911168116768566,0.21609496880809195,0.3843709519303425,0.001
174,0.29026677849095894,0.21687507757111457,0.3881296723541121,0.001
175,0.2908332025239227,0.21455170257331524,0.3839377347053455,0.001
176,0.28868067674680586,0.21483548835447266,0.38148413309681306,0.001
177,0.2905139728970484,0.21652902743425362,0.3859578556103474,0.001
178,0.28969275240504416,0.21680324556267605,0.38466588366608195,0.001
179,0.28846526911499304,0.2148029718001065,0.3821982206407903,0.001
180,0.2902345042163079,0.21918405762240753,0.39165440952572705,0.001
181,0.29177891962025143,0.21585012284713323,0.38088829408949365,0.001
182,0.2885233300541519,0.21405344736310303,0.3810412390524564,0.001
183,0.28965245228294934,0.21746785073719818,0.38846191532431373,0.001
184,0.2890971163544086,0.21605611833464375,0.3829139274373194,0.001
185,0.2903869187613146,0.21776113663669233,0.3870894345647334,0.001
186,0.28963203769211376,0.2170855058948823,0.383916653119348,0.001
187,0.2879542510170455,0.21748413439221417,0.3842859193065819,0.001
188,0.2881278118135732,0.2161675741587977,0.3825328921752185,0.001
189,0.2893175720621686,0.21707612836615983,0.38553591416548233,0.001
190,0.28879699548450083,0.21693586303884957,0.38742314499239144,0.001
191,0.2904236818398904,0.2170898219092145,0.38591949785488006,0.001
192,0.28854083768818356,0.2169450574696537,0.3904607783093264,0.001
193,0.2882900674135313,0.21649646458107247,0.38372986697353517,0.001
194,0.2872990403973728,0.21786027094620758,0.3900613659307369,0.001
195,0.28838783529920314,0.21683010191650326,0.3878135204505315,0.001
196,0.2892945523655743,0.21617585886769958,0.38541611920645824,0.001
197,0.2891341097857974,0.2152897928284611,0.3872898690558851,0.001
198,0.2879682471719357,0.21589189119459523,0.38566423670555783,0.001
199,0.29003038059134,0.21679992274444024,0.38660811481104285,0.001
200,0.2877286288442962,0.21624069147057862,0.38636763252659423,0.001
201,0.2879787732701783,0.2164701540603866,0.384735495795752,0.001
202,0.28712632787336995,0.2172683713228843,0.38614713213952934,0.001
203,0.288754478096962,0.21557503683877266,0.3830523822606912,0.001
204,0.28764265146824197,0.21718385752896033,0.3869107914786137,0.001
205,0.28795987135226575,0.2166383046448606,0.38505486528345434,0.001
206,0.2863434084238262,0.21638062940287114,0.38395090375570423,0.001
207,0.28651606216343173,0.21644849392271143,0.38502397867809435,0.001
208,0.2884637712065233,0.21700638934729902,0.3869821805547042,0.001
209,0.2860782534704296,0.21687489877274646,0.38926890414081816,0.001
210,0.28591596342008047,0.2161414517696499,0.3843591825408743,0.001
211,0.28618906123922505,0.21785886709063343,0.389628035291995,0.001
212,0.28584325368251273,0.21763260950089902,0.3891889678997493,0.001
213,0.28546407531707657,0.2145967807879289,0.3812201316960051,0.001
214,0.2862531373260218,0.21654791189767286,0.38470129754050125,0.001
215,0.28612014870031166,0.21531519666838994,0.3836975995833587,0.001
216,0.28632798968651973,0.21676203956492018,0.3858907774363174,0.001
217,0.2880509427381218,0.2168140419429648,0.385179411664917,0.001
218,0.28459417464536263,0.2150744934289169,0.38259673121494225,0.001
219,0.28488181927882206,0.21750649997072355,0.388441527591338,0.001
220,0.28406322904683035,0.21581467808934604,0.3854313227829979,0.001
221,0.28662689426623356,0.21524154495397918,0.3832107779259856,0.001
222,0.28456418694706137,0.2169755865307227,0.38659572439873857,0.001
223,0.28459636552618184,0.21843522394484732,0.3917388514856706,0.001
224,0.2845300725840647,0.21623574048608868,0.3881853116272703,0.001
225,0.28567685214204525,0.21583798678992208,0.3840221170483552,0.001
226,0.2839103635024587,0.21680054329537474,0.38471746694282954,0.001
227,0.2840293710111478,0.21605987661342124,0.384036065680572,0.001
228,0.2841687347363988,0.21558853045274298,0.38456048045511293,0.001
229,0.2852495371475132,0.21775189727034525,0.39133918726879324,0.001
230,0.2860797979962935,0.21980167615879573,0.3934031961470561,0.001
231,0.28314733682969295,0.21701105488360245,0.3891539383107375,0.001
232,0.28417553267347706,0.21598091217553472,0.3863185706214373,0.001
233,0.2831250006726029,0.2171581466382269,0.39034675581104616,0.001
234,0.28277486097922017,0.2162768543056829,0.38690157421300675,0.001
235,0.2829777379648401,0.2148280653383513,0.3829613392590035,0.001
236,0.28486087480816275,0.21633552025246947,0.38547690661421125,0.001
237,0.2826629018564837,0.21700791893849977,0.3888591267526695,0.001
238,0.283025699471115,0.2165515747474093,0.38807216183281346,0.001
239,0.28376331939062943,0.21370676844324193,0.3795072080423571,0.001
240,0.2809369346690834,0.21816524260367962,0.39233787205527043,0.001
241,0.28433272926085584,0.21761340393448672,0.3872655695711646,0.001
242,0.2823363759922325,0.2163830545064851,0.3862008740526447,0.001
243,0.2839302926435383,0.21738327533386587,0.3883208814786751,0.001
244,0.28168551104331235,0.2161249053177363,0.38363966623800144,0.001
245,0.2825266705193651,0.21730760372223082,0.38455704548153846,0.001
246,0.2840557276108943,0.217940930350677,0.38787371452035696,0.001
247,0.2827161173208044,0.2144273414919325,0.3808411451171407,0.001
248,0.2805748078801216,0.21853958787067895,0.3886647143583409,0.001
249,0.28328411404145964,0.2176432513071147,0.38813872956634116,0.001
250,0.282773337506373,0.21537325449099076,0.38533819137966796,0.001
251,0.28310265207509383,0.21768992030286918,0.3890505579857037,0.001
252,0.28184427334627976,0.21726412221374788,0.3890188446083005,0.001
253,0.2807692930512472,0.21630703468371731,0.3863200394945993,0.001
254,0.2831045681730323,0.2173290965969165,0.387515678496076,0.001
255,0.2824838701464714,0.2174095715926291,0.3888253565123977,0.001
256,0.28209662847562667,0.21852838995434823,0.3886051900745428,0.001
257,0.2819645706940135,0.21635885134216665,0.38513913090940616,0.001
258,0.2827533767857683,0.21462810379764596,0.3805901705669336,0.001
259,0.28247112459545837,0.21602171569344492,0.3836942218672088,0.001
260,0.2809816557879842,0.21715969206435645,0.387546631639597,0.001
261,0.2805998109349417,0.21430703562045877,0.38117870783691027,0.001
262,0.28267371476790226,0.21554578081159792,0.38081263548140487,0.001
263,0.2817470123735043,0.21566356347630614,0.38115510267711344,0.001
264,0.2810833667396405,0.21572395244161896,0.3835482605797412,0.001
265,0.2826919757991756,0.21728578649367267,0.3892950010996896,0.001
266,0.2822922525602743,0.2174928390937637,0.3868989321918428,0.001
267,0.28109947120377776,0.21489707888676604,0.3820604072106845,0.001
268,0.28105799908484885,0.21688865617985167,0.38535595329344324,0.001
269,0.2835140348574437,0.21589437077665624,0.38431570527952447,0.001
270,0.28270763186139797,0.217884528484106,0.3855289358382082,0.001
271,0.28111647288186836,0.21446152144789102,0.37935869313667225,0.001
272,0.28052922536473757,0.21617863338841767,0.386086158802447,0.001
273,0.28086370626173984,0.2186267578428234,0.386497562678976,0.001
274,0.28165877138802764,0.21619761747556107,0.38422680730770115,0.001
275,0.27992055079805744,0.21717538526528934,0.3859664893693154,0.001
276,0.2808275903583667,0.2150648232686131,0.386302465712362,0.001
277,0.2807107369560714,0.21680881164501242,0.38668093052507974,0.001
278,0.2810066196076367,0.2149245322488687,0.3854174745085748,0.001
279,0.280542400588683,0.21553169438403524,0.38366270810428865,0.001
280,0.2793214542603274,0.21609858787582328,0.3837060722664948,0.001
281,0.27901288675605707,0.21493004668416915,0.38121040060793265,0.001
282,0.28070148374509374,0.21619083016366702,0.38564427934707035,0.001
283,0.2810106660247943,0.21632761159690955,0.38541377464076115,0.001
284,0.2807644317182926,0.2151820971182585,0.3847771689763249,0.001
285,0.2797137569943699,0.21617806207257634,0.38483979176767763,0.001
286,0.28129732677149116,0.21483908948993366,0.38183415072213994,0.001
287,0.2788484976925981,0.21535737273905148,0.384076667172041,0.001
288,0.27941865385125536,0.21399165548601976,0.38217163054448433,0.001
289,0.27966382498041203,0.21567522144450835,0.3849423077258207,0.001
290,0.2788944703723312,0.21584485484946625,0.3822050511054844,0.001
291,0.2799063367307733,0.2132504929400876,0.3768650187240447,0.001
292,0.27986936777009874,0.21464406975784894,0.38366121736634085,0.001
293,0.2787741249034164,0.2137438724603719,0.3818366840485775,0.001
294,0.27785598384130983,0.21468716561765225,0.3813310204513925,0.001
295,0.27890404033551525,0.21426201377189957,0.382487288681428,0.001
296,0.2794710405922811,0.21554287819574397,0.38412746819281995,0.001
297,0.27884593113846734,0.2127549715621672,0.37944827678188525,0.001
298,0.2792895712436886,0.2150418116040357,0.386552830722678,0.001
299,0.27919950397736437,0.21519998508226837,0.3839582709301037,0.001
