0,0.398033773174157,0,0,0.001
1,0.36058548079417635,0,0,0.001
2,0.3580554339799795,0,0,0.001
3,0.35640221458297594,0,0,0.001
4,0.35491445365252794,0,0,0.001
5,0.35296104915507204,0,0,0.001
6,0.3509505025975339,0,0,0.001
7,0.3512106038428642,0,0,0.001
8,0.3507262979810302,0,0,0.001
9,0.34999193304830845,0,0,0.001
10,0.3499910635454161,0.30355997454029565,0.47269209427017533,0.001
11,0.3496297716020464,0.3005046557370173,0.4715008468111234,0.001
12,0.34995809103454556,0.30070103693960837,0.47609246845610304,0.001
13,0.3474284819923006,0.2958331500203035,0.46045183752668856,0.001
14,0.34749372102118825,0.29257170336924,0.455985064800362,0.001
15,0.3472359985918612,0.29304539782036565,0.45963258153854,0.001
16,0.346565105625101,0.2940075816509689,0.460186062054575,0.001
17,0.3445784574424898,0.29492116746390773,0.4699475905078638,0.001
18,0.34468019263701394,0.29157003010449734,0.4579609875840169,0.001
19,0.34530948008502926,0.2883101988635325,0.45762828551984025,0.001
20,0.34586406304492606,0.29106076877930265,0.4536295743231085,0.001
21,0.34636629111058004,0.2927509500840258,0.46403243906676167,0.001
22,0.34416159128283597,0.2933946018822727,0.46061256602013734,0.001
23,0.34379114640188646,0.2935801203381469,0.46466178207658315,0.001
24,0.3434370369524569,0.29403042020753634,0.4633829165971324,0.001
25,0.34366156952875154,0.2926569575233942,0.4528934965095944,0.001
26,0.3673419602013923,0.2967202881770595,0.4711186623050939,0.001
27,0.3548512936712385,0.2964251243937355,0.47124591686815004,0.001
28,0.3506274126671456,0.29954640459444737,0.47164787672826514,0.001
29,0.3484390780732438,0.2960669079639519,0.4668092545757158,0.001
30,0.348442579577635,0.28996480620461246,0.45329274308843137,0.001
31,0.33950031152716625,0.2920413186580121,0.4628476405881272,0.001
32,0.338917706463788,0.29385429290535486,0.46392688239836083,0.001
33,0.3390343064391935,0.2892290243781299,0.45590651637079754,0.001
34,0.3382559438814988,0.29010266094740916,0.4567453912360039,0.001
35,0.3381575699056591,0.2935092509298431,0.46857125655123527,0.001
36,0.3374908912826229,0.28812057351866127,0.45241051649055347,0.001
37,0.3370242827647441,0.2902136619027066,0.45974186631010794,0.001
38,0.33770878753952077,0.28898616848531766,0.45598162382494495,0.001
39,0.3378123355072898,0.2951603605789007,0.4746978616286947,0.001
40,0.33949487293894226,0.28951011535686394,0.45572797988006897,0.001
41,0.33658210329107335,0.28808134234757843,0.45730804388849833,0.001
42,0.33713139056622443,0.29100724806522155,0.46386320004603415,0.001
43,0.3357981092355273,0.29108831734506374,0.46339587684493944,0.001
44,0.3365315980202443,0.28703986112426,0.4514467137085829,0.001
45,0.3363368125917675,0.28951090938916324,0.4612810708243521,0.001
46,0.3367499254039816,0.28826409435035893,0.46227135012710346,0.001
47,0.33571774975673574,0.28791741924081327,0.4587391144209663,0.001
48,0.3363671873335366,0.28818955659385614,0.4573194173377079,0.001
49,0.3349315965766305,0.28509604828048957,0.4533412175447702,0.001
50,0.33567703065571486,0.28866048459188803,0.4608109766125904,0.001
51,0.33496547859531267,0.2867934103109805,0.45361827531442667,0.001
52,0.3350082380814595,0.29192076348881757,0.4671809308137719,0.001
53,0.33540738555225164,0.2868546713207852,0.4544164258937534,0.001
54,0.3350384624020473,0.2884081043626695,0.4594366662229622,0.001
55,0.3355319244904561,0.2888757311511612,0.4610069177544738,0.001
56,0.33478479906245395,0.28959976454056247,0.4542784974705294,0.001
57,0.3351465897248672,0.28744493001728477,0.4513750943248804,0.001
58,0.3346497029871554,0.28679383467263025,0.4560542587901338,0.001
59,0.334716226066555,0.2845199018876357,0.4520955920397677,0.001
60,0.334979884527825,0.286533082669195,0.45484005706262093,0.001
61,0.3340886811146865,0.28720275725557687,0.4535589317814338,0.001
62,0.33545881402385125,0.28707873579104526,0.4554923102842644,0.001
63,0.3336119761875084,0.28752873992391503,0.45171333309321043,0.001
64,0.3330651186071001,0.2877869832309149,0.4559152517388541,0.001
65,0.3336514325158016,0.2845536867466147,0.44913513630634827,0.001
66,0.3332528097404016,0.28869429071958935,0.4575226179502449,0.001
67,0.3337379331524308,0.286895620194393,0.4489609485097174,0.001
68,0.3340915101202759,0.28807681109693173,0.45398028263944,0.001
69,0.33329242293362144,0.2880115044723063,0.4556289071335577,0.001
70,0.3334556437424711,0.2860206938290256,0.4493895869434744,0.001
71,0.33358015026058163,0.2880524862617939,0.4547040223152721,0.001
72,0.33237888509625785,0.289630476575567,0.4567489469106015,0.001
73,0.3331852923105429,0.2885130224633885,0.4543094343461996,0.001
74,0.33298359160219226,0.28750770262556735,0.4555704918283705,0.001
75,0.33218112467108546,0.28720632837533105,0.45514103227001623,0.001
76,0.33268405913232685,0.28933825243350403,0.4579751350822824,0.001
77,0.3330477123056446,0.2861683266137017,0.4485145119534445,0.001
78,0.3323022959468601,0.2862175064828405,0.4516818401923735,0.001
79,0.3319834046535664,0.28676421443203726,0.45204689957902605,0.001
80,0.33277213231131836,0.2888084237474449,0.4579341965899861,0.001
81,0.3323319346249641,0.2873693278118705,0.45344083188410095,0.001
82,0.3331296424473728,0.28703559066866063,0.45259496796485216,0.001
83,0.3320456576776934,0.28910043368309035,0.45736571099042156,0.001
84,0.33137959564054337,0.2879821176812605,0.45874794625787013,0.001
85,0.33123339947548,0.2885935990178307,0.45897566514954874,0.001
86,0.3314154912625347,0.2917798212365,0.467957525543124,0.001
87,0.33219430213038986,0.2864072457672954,0.4543616361461083,0.001
88,0.33114964864006985,0.28779422877564587,0.45936279767188437,0.001
89,0.33145152891541385,0.28599373572350745,0.4482820243104042,0.001
90,0.33169327394382375,0.2833653343614379,0.4448841476801435,0.001
91,0.33117270496514467,0.2868712816865051,0.4533205056073095,0.001
92,0.33175728067352966,0.2874208948418887,0.4583192736422381,0.001
93,0.3306435175441407,0.2892937420617069,0.4595115184524429,0.001
94,0.33150152680841655,0.28825041805552043,0.45434869184984294,0.001
95,0.33145600631161853,0.2889144974487423,0.460663342815657,0.001
96,0.3318610613544782,0.2887916123416594,0.4554423447385782,0.001
97,0.33051628572446806,0.289793083047142,0.459315278029254,0.001
98,0.3308290900947811,0.2896353653433076,0.4609448313159112,0.001
99,0.3301180323233476,0.28590933383743977,0.45244316018118214,0.001
100,0.3309446923636101,0.2871707047846692,0.45348575294463384,0.001
101,0.3302624490078505,0.28592477189144233,0.45392441730212807,0.001
102,0.33082349323206117,0.2816778967218917,0.44226738994029086,0.001
103,0.3312094947910524,0.28296886866658444,0.44460508457382014,0.001
104,0.3305560724960791,0.2867286495835608,0.45072066713598663,0.001
105,0.3306652577342214,0.28516775932251875,0.44674082509385427,0.001
106,0.3314098820493028,0.28578244666577696,0.4478565495990781,0.001
107,0.33014969581419285,0.28304836000979106,0.4416729754895428,0.001
108,0.3304630479028633,0.284941745219381,0.4505544497930094,0.001
109,0.3308848952119415,0.28739910807427893,0.4608612444779711,0.001
110,0.32992981347414824,0.2852066658923874,0.4515173927109243,0.001
111,0.33020268407490877,0.28794338733794805,0.45588654276183693,0.001
112,0.32895538358538,0.28153008821705755,0.4422511801355668,0.001
113,0.3300657834824141,0.28375609801312174,0.447670490817057,0.001
114,0.32988867700636926,0.2859929963822084,0.451538186684885,0.001
115,0.3304994797652906,0.2868201810491831,0.45234618240381,0.001
116,0.32997616501273336,0.28521163770942465,0.45048632075854333,0.001
117,0.3289617796067719,0.28745159472333764,0.45275687079560667,0.001
118,0.328631077196684,0.28459355243457957,0.44948507135270743,0.001
119,0.329723885937317,0.2845725769168062,0.453717310840674,0.001
120,0.3306852610664325,0.2847654705553378,0.4465550390072359,0.001
121,0.3297623483178852,0.287880096684358,0.45432594647061814,0.001
122,0.32935635094438587,0.2842555595213166,0.4477300728635777,0.001
123,0.3293272643475919,0.286687825790296,0.4523211855784183,0.001
124,0.32870828286484555,0.28766204518573163,0.4516246151760337,0.001
125,0.3295369038844968,0.28761906565554207,0.45311391339317497,0.001
126,0.32817268942121985,0.28629600680486744,0.45300530846112097,0.001
127,0.32972999957499205,0.28581519543414097,0.44941948317095,0.001
128,0.3283088667032955,0.28621382243629884,0.4501213107457102,0.001
129,0.3294216825349911,0.2851270631415878,0.4481802724644899,0.001
130,0.3293435685000978,0.28381874554106123,0.44983145604164954,0.001
131,0.3288631076077083,0.2826298978984937,0.44411478887393113,0.001
132,0.32894284278154373,0.2846906866893341,0.44790571756768094,0.001
133,0.3291327165322261,0.2943169316720685,0.4657444504298866,0.001
134,0.3285604397858585,0.2869895692047837,0.4558009703367578,0.001
135,0.328918097792445,0.2867718509161401,0.4514449757501383,0.001
136,0.32826456494696504,0.2845709346676056,0.4489785658480944,0.001
137,0.32917840449928165,0.28351971287587086,0.44491810167598067,0.001
138,0.32860760175967,0.28452389686264146,0.44921954350928844,0.001
139,0.32824800727335185,0.2861855203500905,0.45257206914698844,0.001
140,0.32804312160960186,0.2849168213152316,0.44872251929720425,0.001
141,0.3279748971800546,0.28544596028701036,0.44747501606786816,0.001
142,0.32849382837344937,0.2852302827829115,0.45076710207378357,0.001
143,0.32778470587354525,0.2856392833511733,0.4490389971243096,0.001
144,0.32920376755095815,0.28580775796451113,0.4471018130393952,0.001
145,0.3292773552574553,0.28770633071675017,0.4544392290023671,0.001
146,0.32876567005574164,0.28895434338717935,0.4595749486184918,0.001
147,0.3283514036117373,0.28645236482966896,0.45392587345000324,0.001
148,0.3283209524176142,0.2866238271920922,0.4559139178861317,0.001
149,0.32883981038052756,0.28579864786179165,0.44660449714197764,0.001
150,0.32728223891945574,0.28814143307125833,0.45516632989590794,0.001
151,0.32825517708116825,0.2818687521078694,0.4394346536434276,0.001
152,0.32860456776243074,0.2862532055268267,0.4548484506119274,0.001
153,0.32917908424729697,0.28615472729138197,0.4546577066342391,0.001
154,0.32684175858089515,0.28522847848630284,0.44966348402908884,0.001
155,0.3277204899906038,0.28611014450464933,0.45392527336819766,0.001
156,0.3276800141409711,0.28449955329077203,0.44585397102969804,0.001
157,0.3271482260646047,0.2848666200410241,0.44966142779940804,0.001
158,0.32649264524917343,0.28551473523256554,0.45437689189672115,0.001
159,0.32704145105572435,0.2832763829943901,0.442872533701804,0.001
160,0.32758478820323944,0.2863938505234302,0.45372015097468826,0.001
161,0.3272743583530993,0.28541041772005254,0.44924718601180547,0.001
162,0.3272281508590724,0.28684929387882974,0.4541960515476173,0.001
163,0.3277019399243432,0.28360898074176244,0.4465531749556524,0.001
164,0.32669344222223434,0.2867414017017755,0.45466962243586545,0.001
165,0.32708590101819857,0.2858324625982615,0.45256844814702973,0.001
166,0.32689418133583154,0.28583436159132425,0.4501428346926016,0.001
167,0.3272351743401708,0.2803061649066265,0.43922679214233457,0.001
168,0.3255558619359592,0.28313578509281456,0.44451158119414286,0.001
169,0.3266797334224254,0.2884326256802896,0.4584164990483047,0.001
170,0.3270317525477023,0.287702408663078,0.4575008615666035,0.001
171,0.3264512412988388,0.28115449422835675,0.4388204061092051,0.001
172,0.32675415317754486,0.2818796290337344,0.44092570577055523,0.001
173,0.3272045658112646,0.28198169560647046,0.44373642058434654,0.001
174,0.32662228018313916,0.28332069739010324,0.44137949067035676,0.001
175,0.3263659497370591,0.28451905063234545,0.45044981223724756,0.001
176,0.32553775628676285,0.28390008473111744,0.4499379173903422,0.001
177,0.3259523604904209,0.28343084658371226,0.44353553750293484,0.001
178,0.32674969759610323,0.28348198874568253,0.4454588779284726,0.001
179,0.3263235003561587,0.28358937452458677,0.44024734747117267,0.001
180,0.3263883879995561,0.28303465333106353,0.44495693532437397,0.001
181,0.32738748541823376,0.28601295353330203,0.44991034628996407,0.001
182,0.32691547422258704,0.28578554835444603,0.4495032014192095,0.001
183,0.32702833212710714,0.2809041633924515,0.441258521014718,0.001
184,0.32639220403926866,0.28022197570778185,0.438621797261877,0.001
185,0.3265036335802293,0.28424652233993075,0.4487086019568971,0.001
186,0.3249752437611958,0.2829923478168117,0.4414747897378675,0.001
187,0.3261108450792931,0.2836354066228249,0.4430477363203239,0.001
188,0.3261562246191609,0.27795608807019717,0.43459439531846145,0.001
189,0.3259771992494394,0.2854074674444303,0.44662696298942467,0.001
190,0.3255123683998177,0.2855417541058617,0.4448511378636536,0.001
191,0.32631247926939716,0.2823348151388737,0.4438527035251236,0.001
192,0.3258150144740268,0.2804964500882872,0.43695940506810493,0.001
193,0.32499156798328366,0.28127804676820145,0.4432244611716773,0.001
194,0.32505043173158493,0.2789552551704952,0.43304591004535514,0.001
195,0.3249387656514709,0.27899228350962535,0.4356880596011551,0.001
196,0.3259230784333504,0.27774553227698795,0.4298690822835639,0.001
197,0.3252314829880053,0.2851126951068763,0.44931889198959135,0.001
198,0.3258702081065994,0.28492631374855437,0.4503613708134597,0.001
199,0.3249311256516087,0.2825788195426903,0.4428335739602718,0.001
200,0.3249512662490209,0.28221027866742343,0.44479531886177226,0.001
201,0.324898087092348,0.2890726698981155,0.4570837538186812,0.001
202,0.3252325166050378,0.28529641078533635,0.4517410963716858,0.001
203,0.32462784795610755,0.2822377649462121,0.43623376336082814,0.001
204,0.32501711763508684,0.28242355280590214,0.440592195494934,0.001
205,0.3253164922331904,0.2808652188427216,0.4439154021990474,0.001
206,0.32507188128189995,0.281557479292994,0.44118483856495966,0.001
207,0.3250382020398303,0.2827141058340699,0.4458896675415632,0.001
208,0.32409808918967975,0.28174302205597945,0.4418072699996553,0.001
209,0.32539503517988566,0.28114739300709857,0.4372335269944972,0.001
210,0.32513650010029477,0.28452842760689,0.45092510741119035,0.001
211,0.3250608697265118,0.2802149853877185,0.43887756048300325,0.001
212,0.3243195908563631,0.284991722159208,0.4535120509600674,0.001
213,0.3242410558972273,0.2815694728267799,0.4460977721137674,0.001
214,0.3237590301815454,0.28508205649960355,0.45170883627765435,0.001
215,0.32522422216228536,0.2812774314944491,0.4423963953749444,0.001
216,0.3255160568399472,0.28159834866209227,0.4410376977466235,0.001
217,0.3246347324268238,0.28230231602479766,0.443582191964329,0.001
218,0.32460854068264233,0.27891371836863516,0.4326120676110281,0.001
219,0.3252357090781401,0.2823948886450165,0.44857485663557634,0.001
220,0.32479457832403014,0.2844446804936303,0.4513805003783115,0.001
221,0.32465856119587616,0.2842029067736647,0.4451489637809652,0.001
222,0.3247906864360646,0.27953675317899884,0.439631999280575,0.001
223,0.3248774066970155,0.2823902049685266,0.446686868624362,0.001
224,0.3241350944112013,0.28176433331572637,0.44273296834656595,0.001
225,0.3244684733249046,0.28399546431628203,0.4475695692109067,0.001
226,0.3247448974498757,0.28186265102295754,0.4416094883537023,0.001
227,0.3242161651183893,0.2825292092351239,0.44339091474939063,0.001
228,0.3240984225192586,0.2835995257819028,0.44715067413072024,0.001
229,0.3252720184422828,0.2840400136807367,0.44683228667619795,0.001
230,0.3251163462126577,0.2844029487284825,0.4516271590671312,0.001
231,0.32508633802602954,0.2831172104086706,0.4491772438187697,0.001
232,0.3245659204082446,0.2781002748154621,0.43414013718959044,0.001
233,0.32364928487453376,0.28453349766516833,0.4499267490323826,0.001
234,0.32361287261183197,0.27845654718274765,0.4378100855933404,0.001
235,0.324502632021904,0.28052952396426356,0.43878217406181186,0.001
236,0.32385422826350274,0.282622491319151,0.4437740221660452,0.001
237,0.323243826761976,0.2785977578260847,0.4375802322334671,0.001
238,0.323499967251812,0.2817147351617156,0.4432791362201418,0.001
239,0.3237679214762138,0.2835035916907639,0.4466713713218325,0.001
240,0.3238904692299731,0.2848141966917342,0.45214854811971816,0.001
241,0.32367752082981505,0.28219862492679626,0.44606552721168036,0.001
242,0.32463668199541335,0.27615906587097927,0.4273852335484903,0.001
243,0.32389539218432195,0.28235244133928267,0.4446330392707955,0.001
244,0.3233472393439697,0.2780124871513632,0.429782871796818,0.001
245,0.3234199633872187,0.28070329600864913,0.4388993350969779,0.001
246,0.32306712959800754,0.2758191734582554,0.43328007108107613,0.001
247,0.32336420834332974,0.287490642071892,0.45582274115274635,0.001
248,0.323931939430065,0.2844313277872097,0.44908282816282846,0.001
249,0.32302511725071315,0.284544788318322,0.45304315767151415,0.001
250,0.3228222487477569,0.2848937589306818,0.45338430949519176,0.001
251,0.32368589239614504,0.27972446940284434,0.43863527555498966,0.001
252,0.32348844563370355,0.2800145175520565,0.4413719759750364,0.001
253,0.32248621353426493,0.2823760136667695,0.4436552143241012,0.001
254,0.32257818517921205,0.2798229096584278,0.43893763398892677,0.001
255,0.32254038838384386,0.28223428649731935,0.4459374948210686,0.001
256,0.3241068731557142,0.28112806378971095,0.4438125785614524,0.001
257,0.32278069437624096,0.2823949934694336,0.43918691632655227,0.001
258,0.3223987396907162,0.27931998388048845,0.43851121965583667,0.001
259,0.3230407556837743,0.2864343355363326,0.4510776633981244,0.001
260,0.3234698248876108,0.28177956931686704,0.44057317366129295,0.001
261,0.3239566105174589,0.2801778866592455,0.43588620813256646,0.001
262,0.32335702094945823,0.2829197966602516,0.4418467341137431,0.001
263,0.32320087208404197,0.28156171126233404,0.44043940479245836,0.001
264,0.32351700243380693,0.2851832348499844,0.44782258496887983,0.001
265,0.3230895426225018,0.281611262827715,0.44074600557688204,0.001
266,0.3235701388335443,0.2807505434624473,0.44022563818255905,0.001
267,0.32309545053018107,0.28230352530358,0.4499902581965426,0.001
268,0.3241699317151362,0.28207009094834945,0.44619692613718137,0.001
269,0.32260696657069093,0.28261625249394234,0.4494391597773967,0.001
270,0.32210296741477,0.28155636369786946,0.44213669288262325,0.001
271,0.3229723454595686,0.2802720159473776,0.44032056504743095,0.001
272,0.3231913866223516,0.2775406476366612,0.43368221856170514,0.001
273,0.3223520842221406,0.2780486196721659,0.43850723101082234,0.001
274,0.3217267090001622,0.2762397999152461,0.43332630852359527,0.001
275,0.32281513095975994,0.2787295008496084,0.43859363291606823,0.001
276,0.32268770663319407,0.27785146216121076,0.43619511201576816,0.001
277,0.3226999998226896,0.2787672715684265,0.4405207515781898,0.001
278,0.3219184762722737,0.2795821831698365,0.4395670696696093,0.001
279,0.3229622189794575,0.28129894227506713,0.44455720792049525,0.001
280,0.32241432221086175,0.28336517130123356,0.444152414762741,0.001
281,0.3228029309360831,0.2795826748824402,0.4380889869054554,0.001
282,0.3220853418246046,0.2814724337748776,0.43813057105539066,0.001
283,0.3224228218466312,0.2813086828434834,0.43549956023325864,0.001
284,0.32315379998705407,0.2763917872176145,0.42844165629856856,0.001
285,0.32245179869838664,0.27914971712409753,0.4372125150161337,0.001
286,0.3227277102771106,0.2838238307912841,0.4416750886890153,0.001
287,0.3230955009390642,0.27820835587902637,0.43391686953763453,0.001
288,0.32278189613475455,0.28238195169147706,0.44137465659363395,0.001
289,0.32204716276746614,0.28072699696126613,0.4407172191209482,0.001
290,0.3218347881962587,0.2806664990934736,0.4394314283936217,0.001
291,0.32237253036047964,0.27858381263382853,0.4377268853903865,0.001
292,0.32262695808936886,0.28000984552272407,0.44066365384402545,0.001
293,0.32213145642130225,0.27763212086649625,0.4334586242829436,0.001
294,0.3224494902937262,0.2793925826384747,0.43625919999301155,0.001
295,0.3218883733088906,0.27889055622364983,0.43325033588821166,0.001
296,0.3226505368947983,0.2763255159045132,0.4328203400542184,0.001
297,0.3231163827014399,0.27965429629199684,0.4391969088280117,0.001
298,0.321875266462296,0.28096150285498217,0.4446727646863278,0.001
299,0.32218072073416665,0.27686033818273004,0.4337527380486298,0.001
