0,0.422770875869161,0,0,0.0018
1,0.3892024699914253,0,0,0.0018
2,0.3829907974449255,0,0,0.0018
3,0.3757044359789056,0,0,0.0018
4,0.3721994763966334,0,0,0.0018
5,0.36764362113455595,0,0,0.0018
6,0.3663299261765965,0,0,0.0018
7,0.3659249844692521,0,0,0.0018
8,0.3622052925875631,0,0,0.0018
9,0.3654516488313675,0,0,0.0018
10,0.3790786017553281,0.13737557185010005,0.2199416743326321,0.0018
11,0.37062201686834884,0.1336669344494915,0.21868904079087687,0.0018
12,0.36850916695291713,0.13195330625825685,0.22057962574415504,0.0018
13,0.36835589146209974,0.1314840321901241,0.21493800829373524,0.0018
14,0.3672021129878901,0.13229128868358528,0.22022518887693796,0.0018
15,0.36649806153471187,0.13272895331257548,0.21490726019814144,0.0018
16,0.3646995051432464,0.13071023299598042,0.21164523860933146,0.0018
17,0.3643114278882237,0.130124708569425,0.21427072163744385,0.0018
18,0.36288283032886054,0.13259941533989023,0.21661159516186074,0.0018
19,0.36439464998952414,0.13317971965440217,0.21784061829321152,0.0018
20,0.3656643091116921,0.13068687138344026,0.21130250144825827,0.0018
21,0.36314246083720253,0.1317326803048361,0.2167036061423545,0.0018
22,0.36346850822032506,0.13059317520569727,0.21460392577347442,0.0018
23,0.36263579950999403,0.1328268725510469,0.21959685879363422,0.0018
24,0.36366572875087544,0.1324094488693249,0.21467391951877082,0.0018
25,0.36149889319124867,0.12971765818727657,0.203410051828324,0.0018
26,0.3635006496461771,0.13532603403443744,0.21801237912575358,0.0018
27,0.3650038924257634,0.1366428141137852,0.22016745068304439,0.0018
28,0.3599303891345606,0.1329720132304204,0.20824454850053475,0.0018
29,0.3579815307916221,0.1327151916496765,0.20601950178809003,0.0018
30,0.3565828840611345,0.13297258332812698,0.2059581942868482,0.0018
31,0.35682519739967283,0.13608108135173555,0.21155017326843498,0.0018
32,0.3579059980683408,0.13221760045665654,0.20740926644505228,0.0018
33,0.35758839130906733,0.1325136187334115,0.20744833269988033,0.0018
34,0.3558309321938935,0.1357747920211914,0.20910107444128917,0.0018
35,0.35377757415428,0.13411047108485916,0.209734733388923,0.0018
36,0.35443997673564037,0.13523449865093656,0.21038172611622105,0.0018
37,0.3545799626637313,0.13790063617553294,0.2202054442866537,0.0018
38,0.35269694737458634,0.13498584186082468,0.2064457588820981,0.0018
39,0.3540527233380382,0.13774657222770906,0.21524688443986328,0.0018
40,0.3529845820897717,0.1377083360223993,0.2185996779761735,0.0018
41,0.3534832771046687,0.13804579172702058,0.2190951424524528,0.0018
42,0.3532969406095602,0.13964267816039636,0.21702421638638994,0.0018
43,0.3531053590319924,0.13855101107522272,0.21590939064102652,0.0018
44,0.3552639234369084,0.13543695088094676,0.2094703797044288,0.0018
45,0.3537814498452817,0.1394724630966773,0.21706602003969208,0.0018
46,0.3531519832499957,0.14063832096230142,0.21360024956024556,0.0018
47,0.3520746174252639,0.14079633221707175,0.21797268638312536,0.0018
48,0.3528928173295522,0.14149206148767474,0.21569362880034604,0.0018
49,0.35262448012323705,0.13922722689280476,0.21209270519684797,0.0018
50,0.3548675860136242,0.13611702663180497,0.21285188757475004,0.0018
51,0.35207543244301265,0.13678386558145708,0.207139736335396,0.0018
52,0.3602851156966161,0.14253367771224174,0.21926813674094564,0.0018
53,0.3587408692149793,0.14290875924582394,0.22461947934176169,0.0018
54,0.3543285221113997,0.13868075911651942,0.21568715199472036,0.0018
55,0.35205648599539774,0.13644803031759953,0.21259012628561894,0.0018
56,0.35168127399885046,0.13811056660024168,0.21448425823807443,0.0018
57,0.3511505533578032,0.1401292732840655,0.21217785734428896,0.0018
58,0.35041090290425186,0.14016225839376079,0.2169481074137383,0.0018
59,0.3507619429442842,0.13649730411024524,0.20871774570420082,0.0018
60,0.35179193987179613,0.14238326548809688,0.21509220423019398,0.0018
61,0.3509291018974983,0.14088314756336526,0.2142478418196373,0.0018
62,0.350388643979016,0.13834891949397907,0.21089067681133258,0.0018
63,0.35008601907451276,0.13961248281143462,0.2173576110713805,0.0018
64,0.35084635928525765,0.13685521268976045,0.20892021094550195,0.0018
65,0.3513359360523143,0.13788043240854994,0.21157740410907935,0.0018
66,0.3496022437841205,0.1372271797547849,0.21037116691531582,0.0018
67,0.3490673495551287,0.13706847013032405,0.2093985622661592,0.0018
68,0.3497590123344276,0.14128209512202364,0.21675266459874343,0.0018
69,0.3513923778624858,0.14158050347144616,0.21999710177182055,0.0018
70,0.35070179440712523,0.13701229133904344,0.2098450129023914,0.0018
71,0.3496748208999634,0.13818474312824952,0.21178952692937744,0.0018
72,0.34926343115709596,0.13900872083531238,0.216683036149746,0.0018
73,0.34932703133356774,0.13869978364878985,0.21162139861066792,0.0018
74,0.3487831028336186,0.1378797798945445,0.21124741049064796,0.0018
75,0.3484798189947161,0.13873774348064621,0.21567301512090276,0.0018
76,0.34821478391097765,0.13775910136415334,0.21437140956692097,0.0018
77,0.34960877806958507,0.13832010849096998,0.21387880797257727,0.0018
78,0.34939591321399655,0.13844435818775555,0.20912391521979662,0.0018
79,0.3493331300757699,0.13747069079342372,0.21026513989693027,0.0018
80,0.35041114662663414,0.14037321995171267,0.2143311219397347,0.0018
81,0.3496120945881989,0.14035493344810365,0.21158223103956358,0.0018
82,0.34907487893508654,0.1386985554600351,0.21086712495987683,0.0018
83,0.35121579177803913,0.139024604253154,0.2102511563917878,0.0018
84,0.34920102484145404,0.1418557162802691,0.21768329828331595,0.0018
85,0.3496272226763984,0.14026509224626552,0.21435169286185035,0.0018
86,0.34815681612087507,0.14270623017655765,0.21819961067483323,0.0018
87,0.34806689354827847,0.13845175644484087,0.21028238690157788,0.0018
88,0.3488098789574736,0.142076973678867,0.2164021056352391,0.0018
89,0.35115249619140465,0.13975155752727617,0.21488367488442933,0.0018
90,0.34789774680541735,0.13816353053619448,0.2123610427488668,0.0018
91,0.3474089291136144,0.14070966930994763,0.21848996174402097,0.0018
92,0.34777394189672955,0.13785204216243516,0.212899444877137,0.0018
93,0.34682661951598476,0.14014526700341992,0.20999751062933836,0.0018
94,0.34693675387208744,0.1385587947679314,0.21065648470343826,0.0018
95,0.3472716154183372,0.13923105336382427,0.21301462382264516,0.0018
96,0.34643634408712387,0.1398667922442412,0.2115080675253182,0.0018
97,0.34690810487431994,0.1426972306885226,0.2189524733338132,0.0018
98,0.3478437871751139,0.1391777585233331,0.21224587216892274,0.0018
99,0.3476175699951285,0.139665876799353,0.21031757432318607,0.0018
100,0.3474551410240642,0.13934368979852454,0.21798811155381395,0.0018
101,0.34615584690186935,0.1401647420368128,0.21438893542370516,0.0018
102,0.34675831183538597,0.13754986311242093,0.2122152876665824,0.0018
103,0.34866728216914805,0.13979334135146637,0.2124661579207657,0.0018
104,0.34693064578508925,0.1400703877680216,0.21466507897653403,0.0018
105,0.34557974894168014,0.13883371013447268,0.20893879551089803,0.0018
106,0.34589899886967773,0.1397866978541708,0.21466833689899645,0.0018
107,0.34612329935623426,0.1406601619011765,0.21234924544447512,0.0018
108,0.34419876438076213,0.138203332651183,0.20708641422983876,0.0018
109,0.3447101371268095,0.13791052613139876,0.21372768312764942,0.0018
110,0.34634014206417535,0.13886756092514196,0.20986101901503124,0.0018
111,0.346188023686409,0.13835807761789765,0.2112923177682303,0.0018
112,0.34579593107356865,0.13817798189338412,0.2122043073989509,0.0018
113,0.34494466789193073,0.1403899820636281,0.21459742944819918,0.0018
114,0.34525397558838633,0.13805205288704991,0.21024931317916498,0.0018
115,0.34484800835282114,0.1404364648561974,0.21382680204910468,0.0018
116,0.34462002879482206,0.14201787561552603,0.21476527519674363,0.0018
117,0.34476865423937975,0.1398390501744319,0.21411825830226042,0.0018
118,0.3450634902564146,0.13769809099480973,0.21233588749762572,0.0018
119,0.34564709852812653,0.1367979878931226,0.21437127014085267,0.0018
120,0.3440981019856566,0.1389941759077383,0.21461835172400695,0.0018
121,0.3439048976968911,0.1410674167748936,0.21525078558125404,0.0018
122,0.345313460139905,0.13678423676463777,0.2100828895765171,0.0018
123,0.3433718129487361,0.14042841284576382,0.2120071050269742,0.0018
124,0.3442330489219245,0.1383897391094395,0.20597079189687187,0.0018
125,0.34312373298709675,0.13903757955302082,0.20865262722375902,0.0018
126,0.3448459522451385,0.13544968698764537,0.20513193588650552,0.0018
127,0.3435826520040884,0.1357293521356222,0.205714574188216,0.0018
128,0.3446386719154099,0.13876588275983584,0.21270985795701036,0.0018
129,0.3448861416871265,0.13785794267369794,0.21163269769924223,0.0018
130,0.34330328869617593,0.1363386781414261,0.20365560994930543,0.0018
131,0.3431766657000881,0.138278295542223,0.2091829101073191,0.0018
132,0.3426142641800945,0.1370359417184654,0.2104896902274487,0.0018
133,0.3433001528857118,0.13687557447295562,0.20838416511778587,0.0018
134,0.3425224366582046,0.13921228227716467,0.20812251722852365,0.0018
135,0.3429356545715009,0.14013183066801652,0.21455786683656802,0.0018
136,0.34392316121671157,0.14014509907246506,0.2138616734382914,0.0018
137,0.34273229072154576,0.1393124428671628,0.21623752896324253,0.0018
138,0.3420702475359884,0.13890169056795032,0.2129210289620156,0.0018
139,0.3428435944399591,0.14060255910497235,0.21699239006253468,0.0018
140,0.3427366733045901,0.14140851304910834,0.22355896190901192,0.0018
141,0.34302780726703547,0.13772296956298644,0.21178518799013224,0.0018
142,0.34288615367170105,0.13770880821202144,0.2103303652706911,0.0018
143,0.34267608834020163,0.13711306044637617,0.21010071566410168,0.0018
144,0.34271384800894783,0.13924617272680484,0.21478578848941773,0.0018
145,0.3422304580019692,0.1388068194931947,0.21310652326228433,0.0018
146,0.3459176817687891,0.1392625766686394,0.21917423607247297,0.0018
147,0.34954146396810726,0.1392414049748981,0.2169187154690354,0.0018
148,0.3461249954367088,0.1418805967074601,0.21447544000400856,0.0018
149,0.3447504479248645,0.13528413619070592,0.20684749000118663,0.0018
150,0.34253161034341584,0.1355470286923532,0.2099129691680765,0.0018
151,0.34328509652513567,0.1378176733264586,0.20537352501207626,0.0018
152,0.3418606306284161,0.1384421131182003,0.21686555045018177,0.0018
153,0.3421308826339447,0.13939528302129595,0.21101795515104704,0.0018
154,0.3415496638518269,0.13779810410300986,0.21200346042954907,0.0018
155,0.3425409999691834,0.13549238916488027,0.20674325786105358,0.0018
156,0.34170647167553336,0.13748699434848824,0.20850585711969746,0.0018
157,0.3418628572154853,0.13848244071455312,0.21227878415709642,0.0018
158,0.3411857666353048,0.1372656532942486,0.21133034297508174,0.0018
159,0.3412396438040976,0.13846879059250974,0.21537282893685775,0.0018
160,0.3420915097250777,0.13888651915257044,0.20997914542762305,0.0018
161,0.3410630964879262,0.13636731625610896,0.2099756049349956,0.0018
162,0.3410304309958119,0.13517579345927594,0.20684099925295413,0.0018
163,0.34100962480751135,0.13582315055914954,0.20560775708877682,0.0018
164,0.3414627614162736,0.13512919230946538,0.20472999376930032,0.0018
165,0.3410205215973369,0.1356073939837484,0.2094616823062888,0.0018
166,0.34085939268944626,0.13782542417658203,0.21248278494416298,0.0018
167,0.3406217100761704,0.13831602609565394,0.21390195641794207,0.0018
168,0.3406857604445037,0.13598757603279,0.21044503391678931,0.0018
169,0.34006558926933905,0.13479563185939125,0.20801888926801984,0.0018
170,0.3401895905450239,0.13532062492261082,0.20959131601705028,0.0018
171,0.33953487683655853,0.1328595626971462,0.20032638127755065,0.0018
172,0.3404320396356664,0.13431260046605945,0.2105117186167316,0.0018
173,0.34054981285737734,0.13609977807782472,0.20869288603622452,0.0018
174,0.34112186742536094,0.13450808511062134,0.20892964637229677,0.0018
175,0.33914226849200363,0.13185282901616302,0.20739567519191526,0.0018
176,0.3406363825424243,0.13525895832123325,0.21130863061822033,0.0018
177,0.3398189258019803,0.13771499377213753,0.2136195386920401,0.0018
178,0.34050359147585046,0.13348510116631582,0.20505499779350111,0.0018
179,0.33952131198119306,0.1335846495209508,0.2080058008782358,0.0018
180,0.3389521047978078,0.13296668219719274,0.20703855019010156,0.0018
181,0.3394017753712201,0.13552683979748426,0.21130776245856844,0.0018
182,0.3402776851997537,0.13651095856998854,0.2147084711575076,0.0018
183,0.3397007335798215,0.13245084106117758,0.20386596205853622,0.0018
184,0.3398490551922281,0.13354795443846298,0.2087007645385901,0.0018
185,0.33955633854967054,0.13068759949735895,0.19953566908856524,0.0018
186,0.339386074977406,0.13397642252390654,0.20729057489213032,0.0018
187,0.3395016803327253,0.13343064072388333,0.20910712367363876,0.0018
188,0.3385834697697122,0.1331984975574474,0.20731274270748148,0.0018
189,0.3401951551184816,0.1334027077952766,0.2042994562949957,0.0018
190,0.33860505940550467,0.1325144366996861,0.20815320676516877,0.0018
191,0.33982598983635337,0.13414879776219626,0.20730964558975118,0.0018
192,0.33826311513528984,0.13544740783616202,0.20937262065189294,0.0018
193,0.3390052137991129,0.1388272289910892,0.2120324675583035,0.0018
194,0.3400215325971781,0.13725090015707736,0.20619648738016452,0.0018
195,0.3413709385667817,0.13711907745586596,0.20751454985774026,0.0018
196,0.33911277972540615,0.1326127246426525,0.2061993716407639,0.0018
197,0.33890784973815336,0.1364311015140721,0.2113566796298748,0.0018
198,0.3385201933777938,0.1316127720260202,0.20158847813131434,0.0018
199,0.3390182502946611,0.13482484255046634,0.20600431828925314,0.0018
200,0.3385869682592861,0.13510570924132687,0.2052600238269232,0.0018
201,0.33871175058312336,0.1341952749777228,0.20575719952581398,0.0018
202,0.33883434774006826,0.1355709114485577,0.2110891219343313,0.0018
203,0.33867665544404824,0.13729198251321995,0.21413982658551792,0.0018
204,0.33804004386825076,0.13542273995626813,0.209652927467121,0.0018
205,0.3384594057323569,0.13241961829700122,0.20622464400990234,0.0018
206,0.3383575415207168,0.13324036441760792,0.20717742877869783,0.0018
207,0.33844624421859193,0.1368591730098067,0.21203074332259228,0.0018
208,0.338886111090749,0.13514981807268553,0.21220346247697705,0.0018
209,0.3386947857373852,0.13379468776848666,0.20560754237263168,0.0018
210,0.3369418591008348,0.1354014257381002,0.20852818202175225,0.0018
211,0.33764110998076907,0.13479859760680815,0.20942735189024705,0.0018
212,0.33787652761754344,0.13685456699214066,0.2135162537196643,0.0018
213,0.33688205076476274,0.13619273003019208,0.2158877758824129,0.0018
214,0.33878265043436473,0.13648167723637156,0.2141894037068809,0.0018
215,0.3381596755678371,0.13295147174251343,0.20245081256207376,0.0018
216,0.3380241440766949,0.1336736963040283,0.2040532168452939,0.0018
217,0.33753067090854805,0.13364666747602363,0.20660663053870662,0.0018
218,0.33600577093281986,0.1336002881685815,0.210257057832505,0.0018
219,0.3360123578774727,0.13320351255825078,0.20568520919921968,0.0018
220,0.33724010116973163,0.1327155826623426,0.20325106335314452,0.0018
221,0.3359187422162395,0.13295301224566394,0.20582314154956582,0.0018
222,0.3368104174733162,0.1317091513810125,0.20349753703864107,0.0018
223,0.3362434125047619,0.13009009000586616,0.2008680264561693,0.0018
224,0.335713318722733,0.1315287966338453,0.2056535771423529,0.0018
225,0.3363690674304962,0.13352391180703208,0.20933714415356983,0.0018
226,0.3368173673496408,0.13765143593358561,0.2156488999881311,0.0018
227,0.33595924874988653,0.13563143723485077,0.21247443053415097,0.0018
228,0.3366445117330147,0.1329065096236092,0.20557622727769348,0.0018
229,0.33714732515104745,0.1339671615345322,0.20868401574975984,0.0018
230,0.33652891824811193,0.13179472552545138,0.20436052677192146,0.0018
231,0.3364688570974237,0.13332836705434242,0.20495594300803727,0.0018
232,0.33703062670715783,0.13249347135652773,0.2015914079377627,0.0018
233,0.3368192629541381,0.1321837750725155,0.20191577339057074,0.0018
234,0.33692221899153824,0.13300786370076256,0.20618496149185245,0.0018
235,0.3364902914075528,0.13120226139866156,0.2044214150654513,0.0018
236,0.3352214005791535,0.13087426435859764,0.20691637205596516,0.0018
237,0.3359702650015637,0.13260773442870594,0.21097299489155877,0.0018
238,0.33548572571095775,0.1341499206068096,0.20543716929422268,0.0018
239,0.3380430499881001,0.13144080886922488,0.20328417332633517,0.0018
240,0.33602237461482065,0.13143461897140887,0.20467504130825118,0.0018
241,0.33592117249460546,0.1348845237246137,0.21322039160275055,0.0018
242,0.33503333226603976,0.1310037539969121,0.20563306292017167,0.0018
243,0.3369295081849826,0.1331394695169769,0.2078287390665773,0.0018
244,0.335141047709069,0.1352831062968056,0.20911774236299982,0.0018
245,0.3353225538286112,0.13441721277554003,0.20858895877442746,0.0018
246,0.3344175903978994,0.13558818416972335,0.21287442905196421,0.0018
247,0.33525671153250386,0.1325856183557203,0.20648312692741436,0.0018
248,0.33516757114458895,0.12910079449831782,0.20232194755370214,0.0018
249,0.33464069121469886,0.13079147129949245,0.2031772762892835,0.0018
250,0.3351096441432581,0.13082493355618127,0.20285799802895385,0.0018
251,0.3353785153920368,0.13276539556912387,0.20807388448639658,0.0018
252,0.3353360561748682,0.12901066329025504,0.19749290151125445,0.0018
253,0.3346299433102042,0.1332725718396709,0.20454965079750137,0.0018
254,0.33524361922074175,0.13092358028889994,0.2010380686300429,0.0018
255,0.3352433699419943,0.13163951766418586,0.20630084965129467,0.0018
256,0.3343936837578224,0.13006316838101714,0.20150093808007707,0.0018
257,0.3346395976210045,0.12954441293031294,0.19954274821480592,0.0018
258,0.33374858887518866,0.1283926513501547,0.1941999812466969,0.0018
259,0.3346089065327483,0.13037600082208683,0.20186167886459516,0.0018
260,0.3338113803479631,0.13023076905101452,0.20131507197695958,0.0018
261,0.33548009395599365,0.12928862310248357,0.1985173996135219,0.0018
262,0.3350225616309602,0.12868739992016975,0.1995072670689472,0.0018
263,0.33458558457382653,0.13227943189063188,0.2092398823873442,0.0018
264,0.33459050713454264,0.13028420145856096,0.20174069979464607,0.0018
265,0.33357324160761753,0.12712279526942738,0.19490810579839077,0.0018
266,0.33419705346479256,0.12617772942916464,0.19545476845645365,0.0018
267,0.33464035050848784,0.1256529067755856,0.19171412041287836,0.0018
268,0.33419653899588825,0.1274702146708135,0.19719851173362188,0.0018
269,0.3343301428071523,0.133390685550054,0.20755813723520944,0.0018
270,0.33492161017858374,0.1289751053048232,0.19873330924583477,0.0018
271,0.3344121893583718,0.1275201484135217,0.1946934593662566,0.0018
272,0.3332951262088145,0.1279885803481944,0.19567340340364808,0.0018
273,0.33365178726992367,0.12909844842232107,0.20009036640619018,0.0018
274,0.3343703624303058,0.13120925315129528,0.20081253488098944,0.0018
275,0.33379432167542183,0.12857863767118832,0.19823105193150836,0.0018
276,0.333607699280068,0.12586678388756936,0.19369704167414298,0.0018
277,0.3343020157288697,0.12399161293414088,0.18897403659268766,0.0018
278,0.3351678216861466,0.1264428676200386,0.19514013029567673,0.0018
279,0.3345812818003913,0.12684083052081033,0.19196047698047752,0.0018
280,0.3326097469208604,0.12741733005280248,0.18977775444532324,0.0018
281,0.3327246242660587,0.12599893811299054,0.19249923696898968,0.0018
282,0.33519320171010697,0.12788409507135498,0.19723422339724683,0.0018
283,0.33357301733251343,0.12700946914043645,0.19198408088433208,0.0018
284,0.3346023413084321,0.12476405318886015,0.1916893258104006,0.0018
285,0.3341779149437355,0.12368052920581891,0.19096284907009115,0.0018
286,0.3326913346931086,0.12527458498014737,0.19012068773239918,0.0018
287,0.3354845366488069,0.12581408331197014,0.19316941532193743,0.0018
288,0.332860720612235,0.12431247631681587,0.19107922057323676,0.0018
289,0.3323429440290241,0.12518079709103422,0.19391910557311023,0.0018
290,0.33273443933260644,0.12776732109058225,0.19736951408835243,0.0018
291,0.33283794406106915,0.12859354882457172,0.19646528212407152,0.0018
292,0.3327572711948621,0.12620073658965247,0.19011892259837462,0.0018
293,0.3330584223997795,0.12670460381481582,0.19122990204326742,0.0018
294,0.3329100155476796,0.1256482381711061,0.19553077053578627,0.0018
295,0.3318944878371085,0.12766833291891108,0.1909039815250444,0.0018
296,0.333491236855418,0.123391562170154,0.18560844002527982,0.0018
297,0.33343097693839313,0.12396682731667717,0.18609030767137935,0.0018
298,0.33236466828039135,0.12656506682409482,0.19341733625002283,0.0018
299,0.33311919186074856,0.12567814165482893,0.1890975615826437,0.0018
