0,0.4185949673844596,0,0,0.0018
1,0.38042024649300815,0,0,0.0018
2,0.3738683234837096,0,0,0.0018
3,0.3695114488571377,0,0,0.0018
4,0.36597882956266403,0,0,0.0018
5,0.3642682690741652,0,0,0.0018
6,0.36328611497656776,0,0,0.0018
7,0.3614579088101953,0,0,0.0018
8,0.36108319878073064,0,0,0.0018
9,0.35999047983500915,0,0,0.0018
10,0.35948002073219265,0.1370910937142028,0.2187048089496935,0.0018
11,0.36007282807160235,0.13405146783124544,0.20771475825574934,0.0018
12,0.3587805623725309,0.13425552377089103,0.21126496888018143,0.0018
13,0.3595768311771296,0.13557153979537775,0.20782827803104484,0.0018
14,0.36028514133166456,0.13387781173213023,0.2091872109367723,0.0018
15,0.3593052813814858,0.13508142183968497,0.2063716418432088,0.0018
16,0.35784664535421434,0.13364801154333397,0.2123492352198968,0.0018
17,0.3562159278130127,0.13297664465461473,0.20228284969563196,0.0018
18,0.35624831674967783,0.13507404155307082,0.2054594161176792,0.0018
19,0.3570707418908507,0.13329087693342254,0.20828507222253,0.0018
20,0.3552290952559245,0.13712394807322845,0.21312765560670166,0.0018
21,0.3572232271150007,0.13480029550649938,0.20690947883114885,0.0018
22,0.3555065865738917,0.13413243409900402,0.21015919281615722,0.0018
23,0.3557287118697571,0.1341297354299692,0.20969279774560953,0.0018
24,0.35526170644719723,0.13561784784060657,0.20915573131907353,0.0018
25,0.3562615175368422,0.13348533416276978,0.20735312421488708,0.0018
26,0.35601450768062626,0.13706115614855185,0.20444972413435714,0.0018
27,0.3600119537973808,0.1349334529799498,0.21027248858023634,0.0018
28,0.35727271601810295,0.13486337248002925,0.20998600333116874,0.0018
29,0.3567056044683618,0.13373582765897102,0.20322383158299304,0.0018
30,0.355369792903884,0.13628100594202291,0.20896512287061988,0.0018
31,0.3539443132230791,0.134597941804245,0.20500440843888237,0.0018
32,0.3538380320799553,0.13710403059444157,0.20949135496214252,0.0018
33,0.35450888412483667,0.13458670778106885,0.20252112141028447,0.0018
34,0.35517569618710015,0.1374439309028154,0.20509102177151906,0.0018
35,0.3542089628971229,0.13644044306073105,0.20671201805619227,0.0018
36,0.35339769203278976,0.1357787108232525,0.20946866848181733,0.0018
37,0.3534694846908925,0.13560564960870064,0.20988491757264344,0.0018
38,0.352500179435237,0.1349953513384385,0.20372108443097492,0.0018
39,0.35279142225192767,0.13537997705123408,0.20787218887699244,0.0018
40,0.3527750682275174,0.13513527934182565,0.20512183028507577,0.0018
41,0.3527422669832989,0.13637054846223653,0.20904139357751073,0.0018
42,0.35354066400204676,0.13850379583103478,0.21392628161932326,0.0018
43,0.3536773723060802,0.13646456810846086,0.20765896830878333,0.0018
44,0.35360680760468466,0.1363093596275239,0.2065436387705598,0.0018
45,0.36025983840227127,0.13912227066568597,0.2188902604926346,0.0018
46,0.3555009270371017,0.13527389426147346,0.20597698613233248,0.0018
47,0.3531555534671929,0.13579310145264295,0.2097950481765586,0.0018
48,0.3511331436240067,0.13556590078545427,0.20710477478401845,0.0018
49,0.3509178167935145,0.13687577710551,0.21062014004546323,0.0018
50,0.3519994595040709,0.13579881172477976,0.20584462524767524,0.0018
51,0.3512634866065898,0.13478111109900254,0.20685832805422846,0.0018
52,0.3503133259334807,0.13398236269414024,0.20395557862868388,0.0018
53,0.3494191333904105,0.13265032320607092,0.20336654252945308,0.0018
54,0.3525565704804356,0.1362337392651071,0.20916830104388354,0.0018
55,0.35232683435335,0.13389495370262622,0.2090145419757721,0.0018
56,0.3507841855792676,0.1345366191205056,0.2067985152004387,0.0018
57,0.3499807856850705,0.1329676823468649,0.2059325594099322,0.0018
58,0.3493202242810847,0.136517525228028,0.214343366337052,0.0018
59,0.3489306432715917,0.1339529165279255,0.20512978965456097,0.0018
60,0.3492730416483798,0.1341126331184441,0.20702713863116548,0.0018
61,0.3510640495914524,0.1339322151647921,0.2071849094520152,0.0018
62,0.3507675746992483,0.134740901859891,0.208520359289814,0.0018
63,0.3486940220503484,0.1340172861360378,0.2062918706124967,0.0018
64,0.3487370845119832,0.13421613993411113,0.20612832941143397,0.0018
65,0.34750925042366576,0.13454133853804157,0.2051330234098382,0.0018
66,0.3467450797305269,0.13391370619914322,0.20728032056956106,0.0018
67,0.3495381739685091,0.1339690453356495,0.2046853495422335,0.0018
68,0.3486030012116594,0.13595860887258301,0.21050686194201945,0.0018
69,0.349079066161382,0.13373388127104027,0.21003805201196893,0.0018
70,0.347577919520564,0.13268382202337353,0.20388373516421485,0.0018
71,0.3480342398002996,0.13379052791424312,0.2060837632629654,0.0018
72,0.3468974179635614,0.13488150840348317,0.2077389217228913,0.0018
73,0.34613475329795124,0.134593866844986,0.20285165321333948,0.0018
74,0.3463019092204207,0.13615009787582769,0.20605819066302658,0.0018
75,0.34678774920560546,0.13456185276040608,0.2066942310079068,0.0018
76,0.34697902770870825,0.13330674547915008,0.2010852085837321,0.0018
77,0.345039231165991,0.1352545524574359,0.20385809656927034,0.0018
78,0.3452700823545456,0.1304592257921719,0.19645753468221014,0.0018
79,0.3463644081000554,0.13649295215786145,0.21123069051653848,0.0018
80,0.34587037108712276,0.13355922006488158,0.20790239321091988,0.0018
81,0.3462002998438932,0.13348916001411787,0.20199471271240868,0.0018
82,0.3454439187959089,0.13471011224603732,0.20758823002828228,0.0018
83,0.34450651919942793,0.13355830976756536,0.20243658366705108,0.0018
84,0.3458754647586305,0.13275299098663504,0.203330868046113,0.0018
85,0.3446447967977847,0.13392049531922254,0.20515375792520732,0.0018
86,0.34521985205553346,0.13413708473301234,0.20045591181302155,0.0018
87,0.3457156587707794,0.13144115278686305,0.19862584706845296,0.0018
88,0.3443590671581737,0.13256025706350727,0.20204032083836093,0.0018
89,0.3444213983366045,0.1340434418470115,0.20938089512429245,0.0018
90,0.34431563267263315,0.1348869175153098,0.20729424272723349,0.0018
91,0.34405438841904623,0.13431910081925696,0.2080723507996454,0.0018
92,0.34575762662847165,0.1328563187172616,0.20463251635742238,0.0018
93,0.3444344191733053,0.1326922972693871,0.20779071850726144,0.0018
94,0.3445200755939645,0.13179825455418923,0.2024147235185573,0.0018
95,0.3444734191742994,0.1330069620788462,0.20108608232042674,0.0018
96,0.3434174362633188,0.13138981115068826,0.2019778737613876,0.0018
97,0.34374961421146233,0.13153594888137685,0.1971108778021653,0.0018
98,0.3437866663276139,0.13396561669368173,0.20139836882818515,0.0018
99,0.3441674021088471,0.1324714785981547,0.19824221066450726,0.0018
100,0.3443171106657739,0.13212506926118345,0.2050425572701811,0.0018
101,0.3443921324560198,0.13515514662722752,0.20835505667275517,0.0018
102,0.34352257456314766,0.13273734242426166,0.20500082147089882,0.0018
103,0.34217072379286007,0.13065977872927928,0.19629839655638404,0.0018
104,0.34320851099693167,0.13098199919236445,0.2008427605935807,0.0018
105,0.34398272835602195,0.13276865875882246,0.2024599477580682,0.0018
106,0.34273251449152575,0.13397193238479604,0.20512282392818915,0.0018
107,0.3428613799860922,0.13464760165218548,0.20670472700232775,0.0018
108,0.34269409462557,0.13268901548954593,0.2050352968900516,0.0018
109,0.34229623336913223,0.13374551002491106,0.20380988024633392,0.0018
110,0.3423621654510498,0.1294943887155774,0.1978426480855342,0.0018
111,0.34231431315005834,0.1338342593657069,0.20659943429456856,0.0018
112,0.34256296478590725,0.13267336135012978,0.20172964516644484,0.0018
113,0.3430830351376938,0.13297536751181777,0.2033802732086584,0.0018
114,0.3444053566051742,0.13337805726618251,0.21127972201722087,0.0018
115,0.34615910899336055,0.13010607319080644,0.1948759606535927,0.0018
116,0.3434580448320356,0.12853198075094996,0.19506700689990078,0.0018
117,0.34252041287846485,0.13284453442586439,0.20051229850355987,0.0018
118,0.3421071854940915,0.13153594268466265,0.20052092340014435,0.0018
119,0.3427142326609563,0.1339827735362918,0.2013593193044853,0.0018
120,0.34199778546216125,0.12820167295616025,0.19189858481925598,0.0018
121,0.34132767721252927,0.13160585029625696,0.20277830673585426,0.0018
122,0.3412992875959914,0.1328908486678074,0.20297370028697165,0.0018
123,0.3421626958554074,0.1303731633466539,0.19673280170982305,0.0018
124,0.3405825884665473,0.13173550104914067,0.19792068392644963,0.0018
125,0.3411032828991696,0.13247359105802603,0.2057740710095843,0.0018
126,0.34214294007269,0.13119521883297142,0.20036220076400174,0.0018
127,0.3421257057432401,0.12800886467246206,0.1951905263128141,0.0018
128,0.3416592781826601,0.1305340164145571,0.1983468108894606,0.0018
129,0.34141774387177776,0.13033774354794878,0.2004637549941165,0.0018
130,0.34152059320171,0.1304946077909204,0.19780077657821213,0.0018
131,0.34122260306346214,0.13161076738897595,0.2018064466219023,0.0018
132,0.3416304559273235,0.1296850275296336,0.19856848997247936,0.0018
133,0.34028958895448913,0.13029751509902318,0.19495760298214124,0.0018
134,0.3424484595908957,0.13298939749244168,0.20293564905392078,0.0018
135,0.3419814520215584,0.13169444781755485,0.20090599124505784,0.0018
136,0.34141066379971424,0.13290924919095773,0.19875022999348257,0.0018
137,0.34051901594562045,0.13072804607062444,0.1947334941675057,0.0018
138,0.3408184636194827,0.13107807738704652,0.1959841952639544,0.0018
139,0.34109872263872015,0.13239952421185958,0.2026597220762513,0.0018
140,0.3407936837461035,0.13215547467875663,0.2034554154939032,0.0018
141,0.34093981665574896,0.1310141991783704,0.19542332880756114,0.0018
142,0.3408225585343474,0.13276201402218404,0.19951513906476293,0.0018
143,0.34002867580975515,0.13057594276317394,0.1955528230922543,0.0018
144,0.34016517524496986,0.1311372107716585,0.1980757368684748,0.0018
145,0.3400364465127557,0.133306920846162,0.20192157351501164,0.0018
146,0.340603596325648,0.13327243179392995,0.202106912587591,0.0018
147,0.3410420219524432,0.12931715959105353,0.19605262929630018,0.0018
148,0.3404733818971505,0.12834177260853077,0.19347745770017707,0.0018
149,0.34144589368064526,0.12899157245314263,0.19351804462865663,0.0018
150,0.3402672625951848,0.13001021931717843,0.1956646223498671,0.0018
151,0.34068600227267054,0.1316619999629808,0.19754131303068648,0.0018
152,0.3400783521139016,0.1299950491411414,0.19156948259815454,0.0018
153,0.34021146873296315,0.1307508208543297,0.20054725819592317,0.0018
154,0.3396134144168789,0.1318761206058327,0.20168865762039573,0.0018
155,0.3405134119724823,0.13033640010030986,0.19995523094277395,0.0018
156,0.3397186291167292,0.13340099502347127,0.2022236558935854,0.0018
157,0.34050321995706884,0.13211967254278525,0.19459925939649064,0.0018
158,0.33900166441828516,0.129405081050832,0.19214054853619686,0.0018
159,0.3392209660703853,0.13130227574620454,0.20170560811227145,0.0018
160,0.33937455221252927,0.1346638531548507,0.20194370600909217,0.0018
161,0.3399979260008214,0.12930076184593317,0.19675125800323628,0.0018
162,0.33946488254656226,0.1310383366195286,0.19814959457487707,0.0018
163,0.33900257237886977,0.13138440513721875,0.1990544753351291,0.0018
164,0.3394782631579092,0.12988998633053836,0.19104979795479884,0.0018
165,0.3395117126026396,0.13044800788045266,0.1946604832420915,0.0018
166,0.34007419696298696,0.13122960254106203,0.1968649218521357,0.0018
167,0.3396668048985934,0.12846030087909396,0.19232900238714185,0.0018
168,0.3392011551028591,0.13070740915331874,0.19216596683795345,0.0018
169,0.3393035930092052,0.13067724850595655,0.19370647524192355,0.0018
170,0.34018367061675603,0.1292119406232526,0.19530410743557966,0.0018
171,0.33967768640841467,0.12951588759582855,0.19480910027680437,0.0018
172,0.3391187817363416,0.13081212742661216,0.20157142167562672,0.0018
173,0.339883850792707,0.12961359428700284,0.19547307416971316,0.0018
174,0.339189485851991,0.1308093376658786,0.19850778572135966,0.0018
175,0.33932715022968035,0.13142053445969995,0.19740125303853823,0.0018
176,0.33884475569603806,0.13005650381489328,0.19503745786849427,0.0018
177,0.33820389476367985,0.1329121827154608,0.19873509761753738,0.0018
178,0.3389223873362703,0.13159348351372477,0.20116292188567622,0.0018
179,0.3389045512777264,0.1293069151831354,0.19442270881374923,0.0018
180,0.3384019164210659,0.1296045334514972,0.19342102825231117,0.0018
181,0.338219949754618,0.12802292873501409,0.193093513629374,0.0018
182,0.3390289829191515,0.13073054148743343,0.19481282852987047,0.0018
183,0.3376575421731351,0.129158342763437,0.19672661676943365,0.0018
184,0.3388336055864722,0.13107552310145262,0.19669093485003658,0.0018
185,0.3398749871274172,0.12808012688578085,0.18747434749397757,0.0018
186,0.3380742939346928,0.12956865261725548,0.1961660440372909,0.0018
187,0.337720844452664,0.1297994194934672,0.19303469813672608,0.0018
188,0.33874992306454704,0.1281398718860845,0.189751439169194,0.0018
189,0.3378879391288353,0.12883093255220796,0.19716814752446943,0.0018
190,0.3384496387788805,0.1287453683225118,0.1926541263177614,0.0018
191,0.3381204020421384,0.12624955678281863,0.18939376575817832,0.0018
192,0.338889414223574,0.12863401708633693,0.1942351816814048,0.0018
193,0.33763518424357397,0.13000647402311497,0.199321875943969,0.0018
194,0.33852075457067815,0.1285533104609034,0.19444032483272425,0.0018
195,0.3378773144746231,0.12828411156321312,0.1946611311085555,0.0018
196,0.3386145093936031,0.12670994166442912,0.1885715553613517,0.0018
197,0.33776576551845516,0.12793988408931228,0.19036695692632888,0.0018
198,0.3388366223139278,0.12714348919650376,0.18954895905577893,0.0018
199,0.3370982255723517,0.12652748437213335,0.18992631292108744,0.0018
200,0.33739844772775296,0.1279086662825073,0.19597693023628932,0.0018
201,0.3378512494392314,0.12462474051919326,0.18994231996323438,0.0018
202,0.3373820372557236,0.12699631413585782,0.19047557448106328,0.0018
203,0.33875599490889047,0.1301452835195887,0.19580153874892897,0.0018
204,0.3376520686482979,0.1282274649200103,0.19086694438426355,0.0018
205,0.33705315132767466,0.1307068031146698,0.1966441481090537,0.0018
206,0.33717677237118704,0.130343485423328,0.19480285770697342,0.0018
207,0.3374151255367166,0.12828300544972812,0.19080163907289022,0.0018
208,0.33821268379688263,0.13292404198709987,0.19886776431003775,0.0018
209,0.3376711877220768,0.12885117164046192,0.19138599882179055,0.0018
210,0.33727695590863793,0.12646979730061605,0.18977633136991956,0.0018
211,0.337402894208997,0.13077617842851422,0.19555207112099265,0.0018
212,0.3385255521131774,0.12926808719161936,0.1887872874578043,0.0018
213,0.33755008813183185,0.1293494773146293,0.19180950271570343,0.0018
214,0.33772410692299826,0.12914441750728306,0.19172160015668863,0.0018
215,0.33699421382556527,0.1285650904146007,0.193171180455962,0.0018
216,0.33735484642497565,0.12973305330403911,0.19721742906256762,0.0018
217,0.337263015367217,0.1299888685383967,0.19487082326772973,0.0018
218,0.33637168839321296,0.12623258708097745,0.18993238353210082,0.0018
219,0.33731118930598436,0.1288032654626405,0.19211512837542602,0.0018
220,0.3367722865383504,0.12970020762041334,0.19718040121685798,0.0018
221,0.33640873432159424,0.12930718226151747,0.19702062173111773,0.0018
222,0.3373136524174173,0.12885586007442687,0.18887895730918433,0.0018
223,0.33738590675895497,0.12986177888749253,0.1929839851576601,0.0018
224,0.33589834252656514,0.1281845508151497,0.19245384727721107,0.0018
225,0.33675288320597957,0.12838835268951304,0.1903642632146895,0.0018
226,0.3366801741264634,0.12698056518671436,0.19050928770437606,0.0018
227,0.33705947068283115,0.12927728249582318,0.19182542982023787,0.0018
228,0.3380832001566887,0.12815893669699727,0.19598175344874508,0.0018
229,0.3367018646607965,0.133472021141979,0.19916210296477863,0.0018
230,0.3370078136607752,0.12803613021494925,0.18436943398743938,0.0018
231,0.33652677349114823,0.1313984512292996,0.19824418586714138,0.0018
232,0.3357782546999091,0.12974181483824881,0.1923608240634615,0.0018
233,0.3366167355897063,0.12785628545736086,0.18642248284302593,0.0018
234,0.33674388037899794,0.12958991850105264,0.19095031373704466,0.0018
235,0.3366032619092424,0.12808382260613072,0.18912470226109726,0.0018
236,0.33672069720292497,0.130797462902454,0.20077157707916823,0.0018
237,0.33622514885866034,0.12821941228990527,0.1944083256205443,0.0018
238,0.33682268314947517,0.12864153617934918,0.19276033459003572,0.0018
239,0.3376191773657071,0.1287045902250365,0.19194684204050577,0.0018
240,0.3359304589487739,0.12788947072092488,0.1875900757781948,0.0018
241,0.33683575689792633,0.12986869132218445,0.1955387447773854,0.0018
242,0.3370593733201593,0.12780369952097437,0.19268846416986013,0.0018
243,0.3375746852765649,0.12840934281952823,0.1941506848364848,0.0018
244,0.3356772766022359,0.1280692336818858,0.19178851723341137,0.0018
245,0.33699920685109447,0.13014152397308257,0.19339864479130772,0.0018
246,0.33553666659330916,0.12966507658859003,0.19669159758861451,0.0018
247,0.3363636283803794,0.12875951604070554,0.1942916278603989,0.0018
248,0.33604852009122654,0.1292448265855207,0.19632643327970314,0.0018
249,0.33705719023690384,0.12751574378906716,0.18546152212958586,0.0018
250,0.3367576717825259,0.12819920294587947,0.19015146278369952,0.0018
251,0.3382160609303895,0.13032990284546944,0.19869961461266442,0.0018
252,0.33562812411178977,0.12632179064092425,0.18832598701579195,0.0018
253,0.33580418385691563,0.13130312221736448,0.19470500849224673,0.0018
254,0.3363122943851907,0.12915181514469698,0.1936148044610364,0.0018
255,0.33649620148590054,0.12894341097069612,0.18914996254664312,0.0018
256,0.33588799594317453,0.127584192074467,0.18707788389174906,0.0018
257,0.33631864505804193,0.1279552593765894,0.19180833153672977,0.0018
258,0.3359499702514228,0.1276394605684314,0.19278397846269651,0.0018
259,0.3370922682648998,0.12787277987122278,0.19050369857805183,0.0018
260,0.33612638585648297,0.1302530741237833,0.19451860420450562,0.0018
261,0.3369164830547268,0.13017627762501102,0.19444748017854896,0.0018
262,0.3365336257522389,0.12982819827356246,0.1928037072513597,0.0018
263,0.33568451919798126,0.13021183932847136,0.19684843146628533,0.0018
264,0.33662160940594593,0.12952839752245882,0.19551669500943872,0.0018
265,0.33625807398456636,0.12822311234795508,0.18819587832689116,0.0018
266,0.3361511715387894,0.12935762351511879,0.19811550304216566,0.0018
267,0.3356777660674968,0.12877546700273196,0.19634896825036746,0.0018
268,0.3351616634655807,0.13003456001056246,0.19129578922609908,0.0018
269,0.33587730764332463,0.12827889145116966,0.19036154812438633,0.0018
270,0.3353031688069893,0.12776806407661503,0.1926627986192091,0.0018
271,0.337206724967997,0.12730939940286692,0.18661883378647895,0.0018
272,0.3362908382284439,0.13242828997885497,0.1975652571341477,0.0018
273,0.33565697869506933,0.13084117886213228,0.19573232671912213,0.0018
274,0.3359431892128314,0.1302379324526316,0.1961946784336894,0.0018
275,0.3357968603150319,0.129018984238085,0.19276383604336406,0.0018
276,0.3354063428054422,0.1312549285120041,0.20074260713069872,0.0018
277,0.3360417019260132,0.1280573124431047,0.19366712548742332,0.0018
278,0.3349043248315989,0.1302962534480117,0.19909743808381233,0.0018
279,0.33556698767815607,0.12774462252646165,0.19245825964751892,0.0018
280,0.33570495323609495,0.12968583000412273,0.1940218969772043,0.0018
281,0.3356294474738129,0.12721940576185942,0.1854707883860845,0.0018
282,0.3351243383298486,0.1284201845906954,0.19143548485145556,0.0018
283,0.3347885169215121,0.12936427816649992,0.19647958537966395,0.0018
284,0.3351744361600633,0.12895462268570113,0.19034341251093012,0.0018
285,0.33580536016468276,0.1319706719301355,0.19952299432945045,0.0018
286,0.3353058560672453,0.13100172705169677,0.19212866478764284,0.0018
287,0.3354290824825481,0.12918790294919305,0.198044074137873,0.0018
288,0.33407440566915575,0.13012730871070402,0.19489880979766425,0.0018
289,0.3357724950222646,0.1284001927513381,0.1898710091063462,0.0018
290,0.33564011916770775,0.12703729114785897,0.18929326837766122,0.0018
291,0.334439320584475,0.13065042788754902,0.1970167484749406,0.0018
292,0.33574535053665355,0.12642634470129135,0.19015792843523974,0.0018
293,0.33525215127205443,0.1296571156698552,0.19364532110935684,0.0018
294,0.3358531459155729,0.1272036580520588,0.18784783089163032,0.0018
295,0.3362593980411352,0.12831206989834806,0.19203985781819838,0.0018
296,0.3340544547822516,0.12873313043163498,0.19031474093424675,0.0018
297,0.33429573855157624,0.1288411267667411,0.19136741332688734,0.0018
298,0.33459287919735503,0.12820431337608157,0.19011021404614917,0.0018
299,0.33601688265295354,0.12975484528887202,0.1868409357952382,0.0018
