0,0.40130458409721786,0,0,0.001
1,0.3648556450734267,0,0,0.001
2,0.3612879136124173,0,0,0.001
3,0.35970661822740024,0,0,0.001
4,0.3585277889762913,0,0,0.001
5,0.35758922484006966,0,0,0.001
6,0.35633816039777017,0,0,0.001
7,0.35542140484930157,0,0,0.001
8,0.35466988129658744,0,0,0.001
9,0.354211644412161,0,0,0.001
10,0.35356247344532526,0.3002087860346721,0.4543537097490935,0.001
11,0.35190181836888595,0.2976418436840839,0.4525169178310655,0.001
12,0.35198589313674616,0.29945889848771984,0.44820117278206173,0.001
13,0.3523698855896254,0.2996137763107287,0.4548200895304381,0.001
14,0.3504796089889767,0.29972340745903026,0.4482381803587326,0.001
15,0.3509392457770872,0.3038725751311205,0.4510818700475415,0.001
16,0.3503505167391923,0.3012436461021786,0.4469863390696599,0.001
17,0.35032269398908356,0.29808512234312284,0.4417893093233338,0.001
18,0.3496949679411209,0.305990954557974,0.4565469738071758,0.001
19,0.3491892540777052,0.30581158934602104,0.45779612688167876,0.001
20,0.349902309812941,0.3032470422586826,0.46005910297483843,0.001
21,0.34861825836134386,0.3001124103643464,0.4534682358730902,0.001
22,0.3490733684183241,0.30171340938446534,0.4495874407511635,0.001
23,0.3493586079225884,0.30370435219766323,0.4573360320077515,0.001
24,0.3492357740262607,0.3023880076800602,0.4544587757176888,0.001
25,0.34762462060730737,0.3050169103762983,0.45878511031156877,0.001
26,0.34839763780971905,0.3024273507651342,0.4563072198571069,0.001
27,0.3466455924349862,0.3018995593188327,0.460311002884492,0.001
28,0.34638777697408524,0.3036864692533922,0.46114773264714254,0.001
29,0.3471819256340061,0.29858594707513764,0.4568608158319198,0.001
30,0.34690874533073324,0.30328606530012575,0.46782975673274835,0.001
31,0.34557258156505793,0.2973218517058609,0.44720379200487903,0.001
32,0.3466519526801668,0.2985482528224402,0.440342207491489,0.001
33,0.3457188425031868,0.2966003827166915,0.43784197500392735,0.001
34,0.345454399784406,0.29729368381516225,0.4359711105928955,0.001
35,0.3460902727402008,0.3010786615848909,0.45060205299133427,0.001
36,0.34529389454437803,0.2992043665727617,0.4481861866884628,0.001
37,0.3452100485294789,0.3024569158083288,0.45356334200290654,0.001
38,0.34526115092071324,0.29820400082804255,0.43846955954617917,0.001
39,0.3441464148528941,0.2989138368389089,0.4417978699840292,0.001
40,0.3446482610595119,0.2966228708457391,0.43544004806968245,0.001
41,0.3442831444847691,0.29976244569241794,0.45302332914562304,0.001
42,0.3439735252041001,0.30018990700523995,0.44716059143205467,0.001
43,0.344078928232193,0.29735783534560745,0.4415792692974072,0.001
44,0.34365180765723324,0.2938430346616828,0.4396255267526437,0.001
45,0.3436965205379435,0.294191047675141,0.43439998704377275,0.001
46,0.341943136340863,0.2976644624638542,0.44454239881304913,0.001
47,0.34331504503885907,0.30014208782793034,0.4496505063105457,0.001
48,0.34307600665199867,0.29688596038303494,0.43726626487518144,0.001
49,0.34295852079584793,0.30028110070329617,0.43812979474702946,0.001
50,0.3421068059968519,0.29718556527813494,0.44175360597509367,0.001
51,0.3432387551208874,0.29342894783040196,0.4323521448355125,0.001
52,0.34052422562161005,0.29444905854538994,0.43070939962389543,0.001
53,0.34073771885386456,0.2938210205213037,0.43733486106193925,0.001
54,0.3410846315794163,0.2945773737598359,0.43971391348543154,0.001
55,0.3408237240604452,0.2941516868661317,0.43549032201184096,0.001
56,0.3407232923819138,0.296488784211577,0.4364470461072968,0.001
57,0.34067946122036324,0.29869057906090185,0.44032671778493165,0.001
58,0.3402463436663688,0.2969496277968487,0.4390450417957584,0.001
59,0.33967191638710265,0.2936081373221968,0.4373509417351355,0.001
60,0.3391975687967764,0.2974205755444084,0.43874773924093297,0.001
61,0.3387316626471442,0.2921248394112987,0.4307401777437461,0.001
62,0.33855264640606203,0.29691810805679486,0.4403183644942779,0.001
63,0.33862390281917815,0.2911608401433275,0.43776400690664075,0.001
64,0.33755340541268253,0.29271090665031024,0.4357124783730606,0.001
65,0.33623809025094314,0.2903105551119417,0.42627021926666925,0.001
66,0.3370598064618068,0.2912032520011908,0.4262227459594694,0.001
67,0.33717609324433784,0.2910831232192386,0.4349654775514897,0.001
68,0.33917166963890866,0.2895616661821413,0.42629764832236683,0.001
69,0.3358746012588879,0.29223563122416013,0.4359347927305025,0.001
70,0.3365491698454092,0.2918548081681619,0.43903893463409105,0.001
71,0.3355245093504588,0.2936475710525397,0.4327189558533597,0.001
72,0.3366247500116761,0.29803947054989544,0.4438150875110777,0.001
73,0.336473023435017,0.2954376312899907,0.4418298080088384,0.001
74,0.3384150357933732,0.29894866335888254,0.45057970260266506,0.001
75,0.3365296671787898,0.2986354804101852,0.46283090969970864,0.001
76,0.33592721927273383,0.28977087141148433,0.4351274700147164,0.001
77,0.3355470396376945,0.28927980649101553,0.4311199117891365,0.001
78,0.3361534286995192,0.288843673616272,0.4348000501896237,0.001
79,0.33647469746636915,0.2871722214471286,0.42789220848418674,0.001
80,0.334900502686028,0.288598584507618,0.4358580848050077,0.001
81,0.33380343731459194,0.28545278400208235,0.4283083940810812,0.001
82,0.33477022008852914,0.28555926130270537,0.42898660957618595,0.001
83,0.3348132958551785,0.29157548654456417,0.43566064801619364,0.001
84,0.3341121617201212,0.2884777452490613,0.43618988066969816,0.001
85,0.3341888955853007,0.28897639246903084,0.43211985316855556,0.001
86,0.3344002811758368,0.28518645250382985,0.43182920468539754,0.001
87,0.3338410026721052,0.2841807619825628,0.4297201571713526,0.001
88,0.33392628020531423,0.28201004276211417,0.4285510094338865,0.001
89,0.33457816721082806,0.2851999358609732,0.42876736930870274,0.001
90,0.332755796208575,0.2816235237397241,0.426741936737695,0.001
91,0.3317427632507977,0.28282176709356777,0.4254031648637097,0.001
92,0.3331721617026372,0.2809088759336359,0.4302061725408939,0.001
93,0.3329399871128099,0.28366370415144987,0.43026917581330376,0.001
94,0.3324224101799028,0.2863106796912653,0.4360810311473386,0.001
95,0.3333220230834978,0.28221558875842495,0.42792102152602335,0.001
96,0.3324816104796556,0.28389455638251326,0.4279995669171989,0.001
97,0.3324375509007557,0.28124543270174535,0.42283536924161264,0.001
98,0.3317182889661273,0.27899463370343974,0.42275805895552054,0.001
99,0.3314742228469333,0.2793459215937342,0.4250227806030971,0.001
100,0.33074844105018153,0.28226525122500074,0.4269415991463705,0.001
101,0.33147512362883974,0.2815571724157151,0.4266125636579859,0.001
102,0.3306426365633269,0.2826123005627793,0.4255004624315124,0.001
103,0.3297659420483821,0.27801228763049207,0.4256702567178095,0.001
104,0.3284859054528915,0.2844822729602996,0.43497860642988007,0.001
105,0.32892062018315,0.27732710611995925,0.4176086111387971,0.001
106,0.32965521943998766,0.2795202137090199,0.437261045682667,0.001
107,0.3289974735932307,0.2798289697250895,0.4323627442551526,0.001
108,0.32915084010308926,0.28266664670584496,0.437369052811707,0.001
109,0.32787922132122627,0.2776831354161327,0.4365589180670039,0.001
110,0.33098612826418233,0.2789183453285322,0.43302927714497824,0.001
111,0.33074710169085514,0.2749190401121728,0.4242036962839208,0.001
112,0.32817871197386905,0.27868897481845584,0.43511663587953464,0.001
113,0.3263503619142481,0.2783650187555142,0.43272056619947097,0.001
114,0.3273326966676626,0.2723276630380481,0.4165522757423994,0.001
115,0.32700169516039324,0.2747887398169786,0.42123884476137585,0.001
116,0.3272627749824309,0.274417074971524,0.4233366578325029,0.001
117,0.3267970774490554,0.2786233906876442,0.4284604099943901,0.001
118,0.32639114498286637,0.28034451798331717,0.4355588931318904,0.001
119,0.3260125418504079,0.2738434879149205,0.42413411565916287,0.001
120,0.3262089666751054,0.2752653825181338,0.4272144343150681,0.001
121,0.32641005965771974,0.2768610537233161,0.4239924841994801,0.001
122,0.3264474843267922,0.2733154220008217,0.42015275366298865,0.001
123,0.32662915975392404,0.27817704325581594,0.43039137905483155,0.001
124,0.3262616436223726,0.2809112038459317,0.43624879427066315,0.001
125,0.3266972072489627,0.2753056133191649,0.42389762949634435,0.001
126,0.3263895438463838,0.2796246750386076,0.4358113133656413,0.001
127,0.32694086479442613,0.27533820662329683,0.4288381022424469,0.001
128,0.32690411900077854,0.276957602075411,0.42484892778884126,0.001
129,0.3272257240505906,0.2790460680571426,0.43800422724940413,0.001
130,0.328356131575666,0.27677533722765085,0.4286862207778463,0.001
131,0.32567580420154707,0.27514239359943016,0.42908478447878046,0.001
132,0.32654065524672604,0.2766498446764933,0.4321049316407205,0.001
133,0.3255637431064168,0.27783142145442236,0.4313990212308904,0.001
134,0.3257266815986719,0.2799865638677753,0.437837135610024,0.001
135,0.3248311924907538,0.2803935322602609,0.438490364154501,0.001
136,0.32559915276261064,0.2764022656081354,0.4290993672262543,0.001
137,0.32600707742008,0.2734319619390845,0.4229161227819135,0.001
138,0.3249546060556764,0.2775903799861817,0.4304583231176308,0.001
139,0.3241426328549514,0.27672021882740633,0.4264831480408323,0.001
140,0.32501043902861104,0.2779733349783917,0.43469549998754237,0.001
141,0.3258519533115464,0.27924516659220683,0.4410935843526576,0.001
142,0.32514717436588564,0.27968203526346236,0.43762734928956964,0.001
143,0.32541748894764494,0.27679071552667167,0.4280478005812183,0.001
144,0.3237209984579602,0.280185862936507,0.43930278756563484,0.001
145,0.3251559679975381,0.2751173749988267,0.43039661571808213,0.001
146,0.32482424479078603,0.27626151325512416,0.4304117803170283,0.001
147,0.3256668959249247,0.27650544068642197,0.42452712442561025,0.001
148,0.3235071596798596,0.27467802447023776,0.423741078028021,0.001
149,0.3243934054363955,0.2767980436143011,0.42678002218282435,0.001
150,0.3235736620184538,0.2786694020235581,0.43324594769505836,0.001
151,0.3250513096918931,0.2777653471302014,0.42894997040416794,0.001
152,0.32402625686682024,0.2748932583695572,0.42531508348900526,0.001
153,0.32404151149429716,0.27594897798966067,0.4298214730084613,0.001
154,0.3237548053667352,0.2782022517557256,0.4297233353261307,0.001
155,0.32453089422202325,0.2776723217900365,0.4327331382930974,0.001
156,0.3237119467408807,0.277326275120595,0.43064233858312395,0.001
157,0.32404144678835395,0.2770826125355297,0.4302559345145245,0.001
158,0.32391531966828013,0.2778414334522471,0.4350319552215945,0.001
159,0.3242306081024376,0.27518589421331613,0.42946780682054614,0.001
160,0.3236201353841,0.2779348142839134,0.43043228640364173,0.001
161,0.3233019496809255,0.2799235902194272,0.4379841275473046,0.001
162,0.3222501418209291,0.2771124733152439,0.4279584886590137,0.001
163,0.3237756076562512,0.27484363236364817,0.4260655936497432,0.001
164,0.32313064062917557,0.27730832583816634,0.43289989495010245,0.001
165,0.3239166546646539,0.2758389862858763,0.4280017894986714,0.001
166,0.3230248212411597,0.28016289879319833,0.43736805014337354,0.001
167,0.32411418371909373,0.2793621415264805,0.43534060539932395,0.001
168,0.32358559180755875,0.27939322171294007,0.42973274901450675,0.001
169,0.32238484127027495,0.2774409621480267,0.4305286519456527,0.001
170,0.32393760569729246,0.27834210727761316,0.4334430859621641,0.001
171,0.32171876963462914,0.27765484750907254,0.4330548398703006,0.001
172,0.3226654976606369,0.2751734742922879,0.42671832465803955,0.001
173,0.3220775859715702,0.27719719018096095,0.4298911060454275,0.001
174,0.3225524085196289,0.2746334680162089,0.42395265699792006,0.001
175,0.3231150256218137,0.2754340718442873,0.427863097680239,0.001
176,0.32231211655580244,0.2759503037400175,0.43196734123826047,0.001
177,0.32238037803688563,0.27336134623625385,0.4224185258335237,0.001
178,0.3225755794896736,0.27981957958419307,0.4393966563115761,0.001
179,0.32220276854596697,0.2734891859428369,0.4254039852287098,0.001
180,0.3229261481010162,0.27639733379655207,0.4310421973973221,0.001
181,0.3226907261320063,0.27610899372830006,0.4327341462786114,0.001
182,0.32305842423224235,0.2762530802067313,0.4279892766536283,0.001
183,0.32220510984057776,0.27325389209359935,0.4238389559281016,0.001
184,0.3225451169518737,0.27428777430627804,0.42199563299315623,0.001
185,0.32233454092397346,0.2738771983333715,0.42007228573124344,0.001
186,0.3226409273910093,0.27513342782018346,0.43086709124764944,0.001
187,0.32224202458117457,0.26997120102734473,0.41594459340696927,0.001
188,0.3229063391551241,0.27480675290557416,0.4274134548640907,0.001
189,0.3225744241798246,0.2775494351637591,0.43259038262952565,0.001
190,0.32190079456782555,0.27507441977574837,0.43164995569247444,0.001
191,0.3221691210527678,0.28230560204239336,0.4469757601591448,0.001
192,0.32249485238178355,0.27807265535396003,0.4376419935644186,0.001
193,0.32222215744020705,0.28075499571498264,0.44525537043865787,0.001
194,0.3227692202136323,0.27309827442289325,0.4257318828404554,0.001
195,0.3218929948167758,0.2780334530475717,0.4366514377682783,0.001
196,0.3219990435618538,0.2771897780312386,0.42707432584781607,0.001
197,0.32045506048309913,0.27512560852634843,0.42510100772303655,0.001
198,0.32145126103549393,0.27067466958787234,0.41659765256126563,0.001
199,0.32131910894636634,0.2750414259106797,0.4251552004272649,0.001
200,0.3212823847661147,0.27646931525519336,0.4335461488728841,0.001
201,0.32066755815669223,0.2721559976099667,0.4247408295081345,0.001
202,0.3222011365332045,0.27315324546127606,0.42282860274955636,0.001
203,0.32080143992159815,0.2745505255696097,0.4318377759804541,0.001
204,0.3211236324933198,0.2754777795750167,0.4302021968090323,0.001
205,0.3211402491674767,0.2758358552261145,0.43445537839241793,0.001
206,0.32138927495694375,0.27407815940083163,0.42410688941592367,0.001
207,0.3211318126267141,0.27371063537305007,0.4244238017326402,0.001
208,0.3209215254933984,0.27328697255275164,0.42539088141702774,0.001
209,0.32095662041290385,0.27337064269349254,0.42226729078615927,0.001
210,0.3217947960302636,0.27755510429104896,0.43314028696183804,0.001
211,0.320571987344338,0.2745310130360918,0.43101296733661043,0.001
212,0.3209064482702865,0.2727317520506525,0.42000607771815257,0.001
213,0.3206616264205795,0.2740809025596105,0.42753447237435444,0.001
214,0.3213987345094079,0.27228727930477575,0.4222941698934679,0.001
215,0.3212644332298287,0.27373205550839924,0.42490769326834793,0.001
216,0.3202701527793128,0.27451401021180555,0.4269440344150652,0.001
217,0.3212726393395716,0.2768366007694463,0.43319887241680305,0.001
218,0.3205670742569743,0.27339519186301087,0.4227068643815286,0.001
219,0.3214279649493931,0.2750919203894161,0.4293152477952233,0.001
220,0.3216738863974004,0.2764964931375086,0.43035683485195264,0.001
221,0.32070789741234734,0.2736528431905733,0.4276149896799191,0.001
222,0.3200657648948936,0.2729232444855029,0.42433856656872776,0.001
223,0.3199476862141678,0.27199626899907847,0.4252915116680026,0.001
224,0.32037960717806946,0.2746737818665366,0.4288511430075595,0.001
225,0.3205008171163164,0.274875975507094,0.43098057355346786,0.001
226,0.3212507293970735,0.27515183691213235,0.4275890767802773,0.001
227,0.3204298614784404,0.27112056328695816,0.4234463740552931,0.001
228,0.32080793877442676,0.27957467429806754,0.43983791241479286,0.001
229,0.3216555127286696,0.27742876453578635,0.4388395411228323,0.001
230,0.32149104599480155,0.28187744493851324,0.4486069648101633,0.001
231,0.3205519654192366,0.27660109879056904,0.4323866054826969,0.001
232,0.320555278376953,0.27522502764955603,0.4301446679538035,0.001
233,0.32007595816174067,0.2729723934643546,0.42589103441007065,0.001
234,0.3201202165570345,0.27386859665439467,0.4280798069697775,0.001
235,0.3203907708998199,0.27431320916616087,0.42782696819795707,0.001
236,0.3201792965735401,0.2691487506766749,0.4135299553728063,0.001
237,0.32011544489645744,0.2744667268037387,0.43135502384057983,0.001
238,0.31939224623613527,0.27226361076164035,0.42777997723499345,0.001
239,0.31949433503118724,0.2746954901424331,0.4276859178301494,0.001
240,0.3204881578415364,0.2747323371910255,0.43030564863353016,0.001
241,0.3198296468000154,0.27544406257338977,0.43412013015835205,0.001
242,0.32034058694366935,0.2775205410981133,0.43624553256019055,0.001
243,0.31975851563720015,0.2738500320982137,0.4288195050236531,0.001
244,0.32032553153532045,0.2722257276224329,0.4241721950275144,0.001
245,0.3198810777551419,0.27264980417001994,0.4258407779386483,0.001
246,0.32001164011858607,0.27419716448528886,0.4321116593933185,0.001
247,0.3200761014008307,0.2710050842528198,0.42216170981064727,0.001
248,0.31887400787961373,0.2750224663639417,0.4351922704941543,0.001
249,0.3190815121875153,0.2771192560120658,0.4355118740638295,0.001
250,0.3196396836423659,0.27342813559466267,0.4260842812606065,0.001
251,0.32013105184913754,0.27529919472261294,0.43081429392351844,0.001
252,0.3193380742728173,0.272934195851896,0.43013820833902505,0.001
253,0.3200903195921365,0.2733407646962412,0.42787726188964337,0.001
254,0.3192875573898221,0.27509734442000133,0.43307230528923313,0.001
255,0.31896601617336273,0.27212454116968166,0.42682958514198277,0.001
256,0.319570635017511,0.2745179854372835,0.43049593305489897,0.001
257,0.31961962426299445,0.27275284758478746,0.4253624671637329,0.001
258,0.31955993162082125,0.27153712893718357,0.4301193832410646,0.001
259,0.3205807503681999,0.273847451493241,0.42716438901167353,0.001
260,0.3192214352322054,0.2711754335521091,0.4224475621969436,0.001
261,0.3197108827329971,0.27411948959224647,0.4259867740439704,0.001
262,0.31900602740210454,0.2777252768573839,0.4407257539553381,0.001
263,0.31975464764479045,0.2721129674399622,0.42352546179888545,0.001
264,0.31832356616720425,0.2757543468990762,0.4322810632466433,0.001
265,0.31878336673384317,0.27620389932479616,0.43414804459667466,0.001
266,0.3190001187560795,0.2750657152979471,0.4287518074404093,0.001
267,0.3200125233815597,0.27226655496048474,0.4216535316729507,0.001
268,0.31937974980017086,0.2744223075836085,0.428938172340111,0.001
269,0.31986827604674006,0.27104797313774043,0.4212096336905948,0.001
270,0.3188870046455581,0.2708943592845141,0.4200136053266257,0.001
271,0.31873134342399806,0.2731459350975819,0.42421067166521326,0.001
272,0.3196710475661733,0.2753750050576668,0.42631928696843874,0.001
273,0.3193822704456948,0.27629546573189084,0.43360305333919613,0.001
274,0.31945418029486594,0.2725424330766621,0.42432009164508677,0.001
275,0.3188454964542174,0.275131333863833,0.42822099254589074,0.001
276,0.3185069036779103,0.27364803544653665,0.429442733275835,0.001
277,0.31959414985534307,0.27357564026060677,0.42836877066629636,0.001
278,0.3183479682282285,0.2767508913633551,0.43233362357644095,0.001
279,0.31864391421681054,0.27388709335322353,0.42907541484704326,0.001
280,0.31888896945092055,0.2737819731996427,0.4272125338028179,0.001
281,0.31837721142145964,0.2713820115878497,0.42196962058627824,0.001
282,0.31835171425933234,0.27357700044603783,0.42867594190823405,0.001
283,0.31823341776658826,0.273199530252191,0.4319766971972476,0.001
284,0.31776475322407643,0.2719727209787028,0.4263035420372147,0.001
285,0.31818141184143117,0.27311840628134865,0.430343308704215,0.001
286,0.31856657678748035,0.27242781441298064,0.4274927180746414,0.001
287,0.31761000956500973,0.2752416952382669,0.43459085331661385,0.001
288,0.31884808690698296,0.2743472289938815,0.43092129762462783,0.001
289,0.3191317601112632,0.27114845924185016,0.42178891392628554,0.001
290,0.3185196716908936,0.2718668903485174,0.4240441915015971,0.001
291,0.31742723735871614,0.2711461237335821,0.4204680958922467,0.001
292,0.31851896630214144,0.27161606881280476,0.42849216571586596,0.001
293,0.31849659489350274,0.27570904958455383,0.4284043638729393,0.001
294,0.3180163969193493,0.2699669705771992,0.41722765414187885,0.001
295,0.3192351582619521,0.27231837215118904,0.42985269093510375,0.001
296,0.3192490405730299,0.27251628976576736,0.4270424615039375,0.001
297,0.3185477823287517,0.270126231782595,0.41973675036942754,0.001
298,0.318274206339239,0.27299965439596646,0.43307119931567745,0.001
299,0.31834136003309543,0.2710907870757349,0.4222978896410655,0.001
