0,0.39651967249475084,0,0,0.001
1,0.36287144779622016,0,0,0.001
2,0.35838988973750724,0,0,0.001
3,0.35740634342571637,0,0,0.001
4,0.3543788845743145,0,0,0.001
5,0.35545399543401357,0,0,0.001
6,0.35272062348352895,0,0,0.001
7,0.3520519903919718,0,0,0.001
8,0.35110026705372444,0,0,0.001
9,0.35144996455123834,0,0,0.001
10,0.35041707687012785,0.2970004995422068,0.45834778588357467,0.001
11,0.35030009563978726,0.29598434936715046,0.4522997125245409,0.001
12,0.3498458513268479,0.2968584670146722,0.4526919670109465,0.001
13,0.34920399642742433,0.2922985562582859,0.4474922429732729,0.001
14,0.34894325443216273,0.30209535056757897,0.47023732215717445,0.001
15,0.34926550680989615,0.297665734029609,0.4629711328661412,0.001
16,0.35044443191171765,0.29598155101097323,0.4642022386702393,0.001
17,0.3495453064506118,0.29623144685086755,0.46928772688164994,0.001
18,0.35033826892440384,0.29960475027010214,0.4683065771779136,0.001
19,0.3560142715771993,0.3025455754900422,0.486522804033301,0.001
20,0.3504065378560676,0.2942992087496129,0.458701701978976,0.001
21,0.34825636996879233,0.2927517274051861,0.45494845082664714,0.001
22,0.3480014584891431,0.2948433330554481,0.45833940524742095,0.001
23,0.3480020803105724,0.29401498671111714,0.46112762762786247,0.001
24,0.3480330435810862,0.290404475764036,0.449967691322665,0.001
25,0.3474821191918743,0.29502560499278235,0.45702104526999354,0.001
26,0.3458914942032582,0.2945582592552639,0.45715749399782846,0.001
27,0.3453089088738502,0.2943840962715065,0.4648365023508669,0.001
28,0.3445444282916215,0.29334402080945265,0.46238772042156107,0.001
29,0.3444233476310163,0.2978034287505903,0.46743840540744,0.001
30,0.34444215746076257,0.29540559451742565,0.4599098147751548,0.001
31,0.3444760684762989,0.29627028556338414,0.46537078252791364,0.001
32,0.34442952194729365,0.29616251087070067,0.4593158469675735,0.001
33,0.34420552796071713,0.2965986386814627,0.4623397875580418,0.001
34,0.34290019912762687,0.291113362278371,0.44886413708413697,0.001
35,0.34354749751520586,0.2954859452182929,0.46428666714190164,0.001
36,0.3437364219545244,0.2919468353975731,0.45109636012415427,0.001
37,0.3442224692385476,0.2926472782291541,0.4508343340239301,0.001
38,0.34345317329909353,0.29281185357673656,0.45660835382032167,0.001
39,0.3435608603664347,0.29640277552417915,0.4600603494738802,0.001
40,0.34324779851479575,0.2908187074251878,0.45223886878703395,0.001
41,0.3422639506894189,0.2933604893836906,0.45829035957397096,0.001
42,0.3421162492385856,0.2946200119776723,0.4565516286189541,0.001
43,0.34193253060718914,0.2917623970889529,0.45221229275901703,0.001
44,0.3416441039996104,0.29301267437190914,0.45978214927000144,0.001
45,0.3414422935462213,0.29598879098532455,0.4654780156273841,0.001
46,0.3415110111907796,0.2953097824682409,0.4665365401829765,0.001
47,0.34086348532556415,0.29424240252433426,0.45812446278102154,0.001
48,0.340715699367695,0.292516654345542,0.45785650878407447,0.001
49,0.34164464366328606,0.29515794556612307,0.46193795303146834,0.001
50,0.341658073905352,0.2941361789291844,0.4603029025397133,0.001
51,0.34127557908629513,0.2945807499163023,0.46173736163539003,0.001
52,0.34189099543266466,0.29258704419479775,0.45337556425237135,0.001
53,0.339774492490399,0.2916058537224285,0.45739596498818885,0.001
54,0.3414394871608631,0.2945001510803415,0.45893992002346135,0.001
55,0.3393488494125572,0.2910297407518525,0.450781621774688,0.001
56,0.3405982849297223,0.2956535817426924,0.4630407674223019,0.001
57,0.3393710420743839,0.29604283987267616,0.45661185328472487,0.001
58,0.3396782479039184,0.29863237416393273,0.4635671637397783,0.001
59,0.3395789505930634,0.2926349236334872,0.4587905490276805,0.001
60,0.34023918345704807,0.29454341166150433,0.45740535968663437,0.001
61,0.3396620061751959,0.29326717640937633,0.45506054838672927,0.001
62,0.33947256824991723,0.2928530353934934,0.45678420285607774,0.001
63,0.339841309834171,0.2977946310955294,0.46395545844586406,0.001
64,0.3391998086695199,0.29561360464713454,0.46759998009219444,0.001
65,0.3391426292894123,0.2945030284346301,0.4610535091692985,0.001
66,0.3388901100502358,0.29828868325868535,0.46926592720096694,0.001
67,0.33910710143076406,0.29420343366749313,0.45712754383895005,0.001
68,0.33907462106094705,0.2908179407383886,0.45375738491133133,0.001
69,0.33818299893860343,0.2947221104534918,0.4624219949674261,0.001
70,0.3380061569246086,0.293766883520674,0.4606047467263309,0.001
71,0.3385860497081602,0.29268230072521184,0.4565656674948168,0.001
72,0.33788574305740565,0.2925628241840769,0.4562300614904593,0.001
73,0.3385112391667323,0.29673565179053396,0.4662410492675263,0.001
74,0.33870737684202623,0.29090447101588096,0.45368808381835124,0.001
75,0.3377880620526838,0.2907840510549925,0.4539740957200643,0.001
76,0.33843959841105314,0.2929590908644574,0.45958920625835453,0.001
77,0.33764303025898634,0.2982281843780965,0.4647413855866894,0.001
78,0.3383542998685493,0.29121387319599007,0.4523732407760631,0.001
79,0.33656600882878174,0.2927183643758661,0.45160843423600405,0.001
80,0.33742651094992954,0.2927715169384921,0.458740797688411,0.001
81,0.33720253287134944,0.29278736973257957,0.4565955242232369,0.001
82,0.33639659900386054,0.29052307066599165,0.4473106209986273,0.001
83,0.3370157247996545,0.28948144106801527,0.45276859441913575,0.001
84,0.33780990433585534,0.2894792554535996,0.44911099782581776,0.001
85,0.33627311100025437,0.29330635845983866,0.45694095485806774,0.001
86,0.33711452419693405,0.2931639147370062,0.45056784301123315,0.001
87,0.3378888110185529,0.29264845256646405,0.45092569533944044,0.001
88,0.33707410566978624,0.2928822044333347,0.4554298524026601,0.001
89,0.33702837440881644,0.29472132097877585,0.4577896976507891,0.001
90,0.3363894822898212,0.2920492093539862,0.44832226549245047,0.001
91,0.3369397986848075,0.294439174159899,0.4526541724915533,0.001
92,0.33578815371603576,0.2939482809084031,0.4532314572653411,0.001
93,0.336498747739169,0.2923025608548565,0.45586958247505727,0.001
94,0.33678116239942946,0.290060742321344,0.44536083975337815,0.001
95,0.3360444248259605,0.29040137762015394,0.4501327692698088,0.001
96,0.33700276340718743,0.29100072869543775,0.4547434575646655,0.001
97,0.33563956470639855,0.2895153834168189,0.4450257411599651,0.001
98,0.3363526417194186,0.29040483480032436,0.4496711954600897,0.001
99,0.3365627980984009,0.29265287089032327,0.4536285321557195,0.001
100,0.3358774355671427,0.29312130791585506,0.45313873703040003,0.001
101,0.33566734550503996,0.2914596586021004,0.4476499961244019,0.001
102,0.3359693227050541,0.28994304526330833,0.4503805909019758,0.001
103,0.33491728005108534,0.2899253284176305,0.45017548521960526,0.001
104,0.33547009950554046,0.29232513507158964,0.45256415338433476,0.001
105,0.3354935997778231,0.2918050580947061,0.4488333027540918,0.001
106,0.33631623301420127,0.29200511169668136,0.4570946077033908,0.001
107,0.33642019452275457,0.28972184042340166,0.4464783493120745,0.001
108,0.33443870912264057,0.29085176610921964,0.44780727756565586,0.001
109,0.3352995959219632,0.28866980940742315,0.44594373339305543,0.001
110,0.33475216659339696,0.2909283765533506,0.45315863012205504,0.001
111,0.3347174506466668,0.2914553962488714,0.45551775679121176,0.001
112,0.33459229968689586,0.2902799858812155,0.4468382434376153,0.001
113,0.33454504984993116,0.2898769972717912,0.44491401884091075,0.001
114,0.33556015628415187,0.2939521973916956,0.4538551382374674,0.001
115,0.33608975375557804,0.2933499871924566,0.4548838501212787,0.001
116,0.33620894827821235,0.2930981574180272,0.4546349870813199,0.001
117,0.3363581699830992,0.29316474269798154,0.45473176584421976,0.001
118,0.33592466063596105,0.29577376673483924,0.4605295883791696,0.001
119,0.334993761267748,0.2937625426757317,0.45336119343252246,0.001
120,0.33459209435963416,0.2930800025379496,0.4472823373960546,0.001
121,0.3342102634477186,0.29247085164566594,0.4512886164599122,0.001
122,0.33469067876403397,0.2972375399586639,0.4618575724534037,0.001
123,0.33339925781563595,0.28916493260266646,0.44393711072806374,0.001
124,0.3342367201238065,0.2902390005469409,0.446033861882274,0.001
125,0.33558316958380174,0.292764621821281,0.45645186767735946,0.001
126,0.335062673634237,0.2934112081968074,0.4570313947821475,0.001
127,0.33469864960994805,0.29078029054233023,0.4510841260512918,0.001
128,0.33507540231352456,0.29200134510724124,0.45461061920242823,0.001
129,0.3339317621545749,0.2918098192501129,0.4526536286199422,0.001
130,0.3335104702829241,0.288853251124484,0.4476780860296829,0.001
131,0.33380895195243593,0.2935070617706404,0.45445530283918834,0.001
132,0.3344133633214074,0.2926693516181168,0.45003299769385297,0.001
133,0.3339874898796683,0.29354867402582485,0.45930464366814167,0.001
134,0.33290152641030046,0.29356203736660663,0.45404400525041944,0.001
135,0.3342124018314722,0.2946276970759975,0.4531274152338015,0.001
136,0.334776698334797,0.2911789489411734,0.45366066083943146,0.001
137,0.3344047591761426,0.2926500532910164,0.44824195935491357,0.001
138,0.33489947719079954,0.29272288397935536,0.44976378504430853,0.001
139,0.3356059961490803,0.29642601818647035,0.45921300585924235,0.001
140,0.3355937604163144,0.2964411539207773,0.4605036496532222,0.001
141,0.3349380089758753,0.29250393970079047,0.4546036385039552,0.001
142,0.33519727508495517,0.2933281138307631,0.45621087558381823,0.001
143,0.3354754823822159,0.28868679096298705,0.4436307294672373,0.001
144,0.3350797550635295,0.28865317827937903,0.44881641614824264,0.001
145,0.3355329399173324,0.2887777198148108,0.4496936628267311,0.001
146,0.33591744706437393,0.29293095183845336,0.45594662614252435,0.001
147,0.3348944376449327,0.2886646036344406,0.4437189179451501,0.001
148,0.333601503356083,0.2894266422050034,0.44600640472147923,0.001
149,0.33283331359291934,0.2933103645756037,0.45261352796338206,0.001
150,0.3332351468973332,0.2919581837801158,0.452633403584301,0.001
151,0.3327001238594184,0.2893495709385559,0.4503579746542788,0.001
152,0.33176529595443793,0.28703131211069083,0.4432928644207406,0.001
153,0.332189382062302,0.28934826797611585,0.4581930673233488,0.001
154,0.3308837599716745,0.28783589977301566,0.44857797630136836,0.001
155,0.3310767604826807,0.28472738435047223,0.4437615298301271,0.001
156,0.3312715863859331,0.28423371856910473,0.44301432087891734,0.001
157,0.3317863147135253,0.28961646504515315,0.45292118762633365,0.001
158,0.3307025653419194,0.28660403765878617,0.4525262965779694,0.001
159,0.33003591491026923,0.28593321608059447,0.44895501529581394,0.001
160,0.32998653165660463,0.2863378920086548,0.44842050648000326,0.001
161,0.330873778005978,0.28683334436269564,0.4478074925316698,0.001
162,0.3310016045967738,0.2850373278702037,0.4452903620443007,0.001
163,0.33203382481325855,0.28858680062266623,0.44818188508939283,0.001
164,0.33284899015147407,0.29174440932026485,0.4645659786365167,0.001
165,0.33073470392474186,0.2892587312128066,0.45502166460491933,0.001
166,0.33013153680273005,0.28874024584530866,0.4569467581808462,0.001
167,0.32962970046309736,0.28778521944615826,0.455773499503213,0.001
168,0.33044119004730704,0.28504931380801735,0.44418881618082845,0.001
169,0.329270157862354,0.28683985512371085,0.4457047717028894,0.001
170,0.33101951377885835,0.2882989629013791,0.45088760457713056,0.001
171,0.32978287272088164,0.28970044510156184,0.4550108228737653,0.001
172,0.33087552781846075,0.2887565397121848,0.45785599757514384,0.001
173,0.3305791421785011,0.2854891236397284,0.44326232709320934,0.001
174,0.3302790925980688,0.28715101197340986,0.4497577029493495,0.001
175,0.3290038738433305,0.2897499090600628,0.4549551026195229,0.001
176,0.33033972689965824,0.2884232988391619,0.4613466491313457,0.001
177,0.3301497764952548,0.29148842252342166,0.45973033106669,0.001
178,0.32874945061163857,0.29069498828035173,0.45568737561055045,0.001
179,0.3296427542830373,0.2887866329286499,0.45152131071339696,0.001
180,0.32908753372795946,0.28934686778523094,0.45750658589127086,0.001
181,0.32996555672841027,0.28894355609378686,0.45082377562254,0.001
182,0.3293929893422771,0.2867105934511225,0.4477860855627507,0.001
183,0.3296326640489939,0.286540756626761,0.4484358579398661,0.001
184,0.3296340475748251,0.286297291030576,0.447274578870026,0.001
185,0.32918220315430613,0.28503583197006843,0.4473537053530766,0.001
186,0.3287683903231277,0.28896848404912145,0.4530651449727111,0.001
187,0.3284247689418965,0.29116675031613676,0.45612632025941974,0.001
188,0.328865026904119,0.28559534520928564,0.4454082082361613,0.001
189,0.32910870492189853,0.286666014715575,0.4445850555142623,0.001
190,0.32953022004247784,0.28673598476076434,0.44744421212171187,0.001
191,0.32897163377151833,0.2855847250272827,0.4493888789988632,0.001
192,0.32925335337986816,0.28694728698484673,0.4506542980882846,0.001
193,0.32827532533052806,0.2868721911775826,0.4446478263499222,0.001
194,0.32893328731124466,0.2828022018946423,0.4392951042397312,0.001
195,0.32873691645291475,0.28774441287043057,0.4520691246341536,0.001
196,0.3288371615313195,0.28574003025033023,0.44866808883904524,0.001
197,0.32881324275119883,0.29025067302429963,0.46284233783991824,0.001
198,0.3294224764581199,0.28573981300552387,0.44692989188087573,0.001
199,0.32717115123261203,0.2857051728400694,0.44575909353864557,0.001
200,0.32806315192499674,0.2880991944015623,0.45428479605069677,0.001
201,0.32832821606247276,0.28789210743568094,0.4501284220949055,0.001
202,0.3291813942628938,0.2835595046297058,0.4402774548666761,0.001
203,0.32872685192673057,0.2882553853149743,0.451786852229566,0.001
204,0.3288096102911073,0.28269657736850395,0.44031015552709646,0.001
205,0.3280862165061203,0.28441071991449324,0.4468792320633283,0.001
206,0.3282726525857642,0.2814303217047191,0.4415009639389538,0.001
207,0.3287541205818589,0.28643986591052933,0.45261036120256226,0.001
208,0.32718965518581977,0.2841695153860483,0.4410102481818009,0.001
209,0.3281353014680716,0.2819927345797435,0.43981898553080456,0.001
210,0.32764192563187966,0.2862611833232827,0.4442265833547216,0.001
211,0.3279724507718473,0.2853820599300476,0.4417116298729917,0.001
212,0.3275282402430569,0.2842651400679175,0.44061433547517265,0.001
213,0.3275755052496721,0.2830886460082205,0.43741005511017,0.001
214,0.3276110561984079,0.2839725432168161,0.44132963146828164,0.001
215,0.3278315088770411,0.2849527082329315,0.44268139397396283,0.001
216,0.32738049039701084,0.28644641667699844,0.4473362133482413,0.001
217,0.3265274968501684,0.28417284191549597,0.4416817017424327,0.001
218,0.32690074885482184,0.2870642274840462,0.44916315708828203,0.001
219,0.3280624357295466,0.2846446186368274,0.44059733796812905,0.001
220,0.3272066057265342,0.28682190027090254,0.44251079147622124,0.001
221,0.3276980752880509,0.28649958544436527,0.4441779835648411,0.001
222,0.32756555697939416,0.28504637416675627,0.4381142412343055,0.001
223,0.3267607103596937,0.2858215633908779,0.4448123923285381,0.001
224,0.32791875718950153,0.2838607183517285,0.4422509492180112,0.001
225,0.3272075063741959,0.2812680190720341,0.4340483808835245,0.001
226,0.3265112414284869,0.2836489183382646,0.44379749068182567,0.001
227,0.32776053726404636,0.2842695067391654,0.44059614160250393,0.001
228,0.3262446542849412,0.2844167804875531,0.4445141167296709,0.001
229,0.3267943597323186,0.2818567899707688,0.4349920330703816,0.001
230,0.32677352408299576,0.2857186410052683,0.44076861119021793,0.001
231,0.3263969152897328,0.28533572449931766,0.44232276229900547,0.001
232,0.3272036495240959,0.2832821792276156,0.44050898313842457,0.001
233,0.32600218111330326,0.2847023419491557,0.44287840538833245,0.001
234,0.3261862375043534,0.2828386311647609,0.43513592585099514,0.001
235,0.3270243162641654,0.2833467698052569,0.4359531795408657,0.001
236,0.32653306813927385,0.2871983996994957,0.4463623094424085,0.001
237,0.3266145390970213,0.28695920759729904,0.4464414815012925,0.001
238,0.32598581319456704,0.2863942019637463,0.44251848619608325,0.001
239,0.32653318674446224,0.28256178076413546,0.43477173848195383,0.001
240,0.3262739101642961,0.2883929893906867,0.4486740273701293,0.001
241,0.3265268842916231,0.28493991661566115,0.4427408316970113,0.001
242,0.3258096067620827,0.28551966805694523,0.44628092847480205,0.001
243,0.32626496476901545,0.2816610802521247,0.4345173600065638,0.001
244,0.3266858761911994,0.28235921542733594,0.43801677959350277,0.001
245,0.32661001585625316,0.2820547987370141,0.4341186535013519,0.001
246,0.327407989885893,0.2831695010816452,0.43998947864654614,0.001
247,0.32727160600123106,0.28388725260199504,0.4405727209413485,0.001
248,0.32551578465882725,0.28519808295014215,0.44557490108699965,0.001
249,0.3259408092713571,0.28401342271387736,0.4395950038574597,0.001
250,0.3260360684346508,0.28475269210441934,0.4404315543551658,0.001
251,0.3268333580848333,0.2814860574043085,0.437191075384534,0.001
252,0.32676738661688726,0.2834071274007619,0.4414535134196707,0.001
253,0.3259838056993914,0.285881216080158,0.44465001019193634,0.001
254,0.3260933839388796,0.2825681046642333,0.4424611601533129,0.001
255,0.3263968176938392,0.28401501989364264,0.43534846039419983,0.001
256,0.32536922388517103,0.28695791223083117,0.4424996861648311,0.001
257,0.32665149317131387,0.2811481652642774,0.4344305866582762,0.001
258,0.32583867899469426,0.28518811247696574,0.4400475999876083,0.001
259,0.3251052846511205,0.2870300856143714,0.44485421043441786,0.001
260,0.32533579091499515,0.2834757134598071,0.436343977119799,0.001
261,0.32513397670275457,0.2837322648905876,0.43664705717109725,0.001
262,0.3263313879703616,0.28784808472530227,0.4467907746879988,0.001
263,0.3257346135807467,0.2868993361440181,0.4409632283541428,0.001
264,0.32567165375829815,0.2872197479263075,0.4442418223941956,0.001
265,0.325300227347258,0.2865338098569385,0.44674460029204915,0.001
266,0.32424037333007333,0.28645935616252866,0.44885525131583043,0.001
267,0.3263544328846373,0.2859289147347079,0.4481885946116575,0.001
268,0.3258624650068111,0.2852195770196212,0.44874048149272017,0.001
269,0.32519091880536294,0.28287015951358324,0.43931076865364965,0.001
270,0.3259569928721265,0.2857649445329148,0.4476755261870437,0.001
271,0.32532148788104187,0.28503737192684275,0.4450488063296205,0.001
272,0.3253173220667753,0.2843415692215107,0.4428275602290628,0.001
273,0.3238635450467333,0.2849096304615008,0.44818871234922697,0.001
274,0.32552261898914975,0.28434883147738066,0.44308201998135555,0.001
275,0.324995606936313,0.2825343360099951,0.4371901858961867,0.001
276,0.32521344795151874,0.28551474130934335,0.44425331737896073,0.001
277,0.324757206413123,0.28633743878231044,0.4462253646975874,0.001
278,0.32510604380487323,0.2853155870704826,0.44315631694526675,0.001
279,0.3246044961584581,0.28329017474800683,0.44060563732738,0.001
280,0.32442838208632424,0.2845442373571347,0.4452680663466315,0.001
281,0.3244978277398659,0.2826489551800747,0.43621570849445107,0.001
282,0.3249197212962417,0.2835446119665109,0.4472479496702035,0.001
283,0.3250670693479143,0.28101597964877056,0.43801409061933577,0.001
284,0.3245959480603536,0.28166350944405055,0.4376769236426864,0.001
285,0.3244602586235012,0.28416463472067804,0.4452544118269633,0.001
286,0.3253543504455068,0.2875391960329174,0.4480346933780428,0.001
287,0.3241137477594453,0.2885449209892586,0.4512271080748358,0.001
288,0.32457350832116494,0.28307308186107855,0.4407550007271886,0.001
289,0.325219259337262,0.2835964028245114,0.44333966928238483,0.001
290,0.32442045540691494,0.2893493931928052,0.4563805825164347,0.001
291,0.3250243770512375,0.2871041281134834,0.44514235072754776,0.001
292,0.32339138913530485,0.2852443783754183,0.4412874844568046,0.001
293,0.32420505583286285,0.2862456389256686,0.4423930683391107,0.001
294,0.3239485623466002,0.2869706856177682,0.446842469076963,0.001
295,0.3244860336050257,0.28558408190163215,0.4463807706932995,0.001
296,0.322956406385512,0.2844772682273826,0.44603055079798193,0.001
297,0.32419157759831835,0.2864049284893608,0.4443009646339245,0.001
298,0.32495312258466946,0.28640836490720706,0.4454893317003094,0.001
299,0.3235386089832933,0.2850068325736074,0.44453791794903474,0.001
