0,0.41577857185941225,0,0,0.001
1,0.3553958729319616,0,0,0.001
2,0.3500131536787803,0,0,0.001
3,0.3487308539381815,0,0,0.001
4,0.34392361602651966,0,0,0.001
5,0.3427116879082601,0,0,0.001
6,0.34263611441358516,0,0,0.001
7,0.33965401146390023,0,0,0.001
8,0.3378244758745946,0,0,0.001
9,0.33562042543647486,0,0,0.001
10,0.33710121506944707,0.22917307540053405,0.38514076659987256,0.001
11,0.33557513780003295,0.2284956903898085,0.3866524981239469,0.001
12,0.3351642719102562,0.22881890042463177,0.38422857269252625,0.001
13,0.3339724040359532,0.22739279121757547,0.3832480959243743,0.001
14,0.3315136295939804,0.22904451350130436,0.388522063462359,0.001
15,0.33529181491344345,0.22897310400232337,0.3834040322731715,0.001
16,0.3310087120861088,0.22974875864107197,0.3877381541856395,0.001
17,0.3270586197255948,0.22360959387255935,0.3858682352354403,0.001
0,0.4103313356364539,0,0,0.001
1,0.35950711396856044,0,0,0.001
2,0.3532752813002385,0,0,0.001
3,0.3466082021183924,0,0,0.001
4,0.34186844432025876,0,0,0.001
5,0.3414877294947248,0,0,0.001
6,0.33914357314416027,0,0,0.001
7,0.33752946295869457,0,0,0.001
8,0.33601597990464727,0,0,0.001
9,0.3344771159351419,0,0,0.001
10,0.33274834377503176,0.2233266597693765,0.3913414237689664,0.001
11,0.33211733537529586,0.2200531842203573,0.38806046086911367,0.001
12,0.33195558873885267,0.21866380690960446,0.38231425800267427,0.001
0,0.41410009111833135,0,0,0.001
1,0.35957611591444105,0,0,0.001
2,0.35549436659987915,0,0,0.001
3,0.34893159677676105,0,0,0.001
4,0.3462802838841709,0,0,0.001
5,0.34075572498894613,0,0,0.001
6,0.3393101875388294,0,0,0.001
7,0.3400413115090186,0,0,0.001
8,0.33667362994010297,0,0,0.001
9,0.3359600647327003,0,0,0.001
10,0.33340646982739824,0.22634377579120124,0.3843918644181767,0.001
11,0.33413135144141837,0.2270901060294402,0.3879117312480866,0.001
12,0.33291779171436203,0.22452629467888152,0.381965755811492,0.001
13,0.3302037050144388,0.22327498861399797,0.38756053237377597,0.001
14,0.3290628554350739,0.22327261851316646,0.3870940198777204,0.001
15,0.32866600497600135,0.22127417845632408,0.3841066000637598,0.001
16,0.3290421182135923,0.22287610497506513,0.3891486016513532,0.001
17,0.3246132075239759,0.22105375089936155,0.38272278044650015,0.001
18,0.3253202706301978,0.22148551136350728,0.38549542011033483,0.001
19,0.32208038483737805,0.22028593517956596,0.3850890972010371,0.001
20,0.3235613372894602,0.22114533362571773,0.38551881794791837,0.001
21,0.3215647096480798,0.21882273501133093,0.38220365207379636,0.001
22,0.32137317818786026,0.22006904636215296,0.38430590324887365,0.001
23,0.32253591128445547,0.22058207440738736,0.3852442731586515,0.001
24,0.3200073880613397,0.21973656439975486,0.3858571129020603,0.001
25,0.32154162241778245,0.22253248854091856,0.3896258294654421,0.001
26,0.33883797848990205,0.2483254884661756,0.4357569368958186,0.001
27,0.3659377240259713,0.23366553152788688,0.41211003108823935,0.001
28,0.33794722507853026,0.22469688127314558,0.39707845254881835,0.001
29,0.3303142460661197,0.22218799153791738,0.3908418418855384,0.001
30,0.32923185305857877,0.22311355843622224,0.38878851592138175,0.001
31,0.3272123420183812,0.2231915427863971,0.39096562677471386,0.001
32,0.3273857353477303,0.22516111907137026,0.3973615357728792,0.001
33,0.3270550154217886,0.22393082648132498,0.3982180794746744,0.001
34,0.32983202206979106,0.22317880914414157,0.392869125316837,0.001
35,0.3268600975701568,0.22620098919716644,0.401172154703833,0.001
36,0.3263323864805589,0.22348911848345396,0.3904402562416237,0.001
37,0.326833093385084,0.22230688673745685,0.3880965437430573,0.001
38,0.3245881679681463,0.22321114826341162,0.39183543123312753,0.001
39,0.32642767981651727,0.22331102959355753,0.39142955206887053,0.001
40,0.3249391649567753,0.2247290525526572,0.394651286095484,0.001
41,0.3275698107590369,0.2217653836101781,0.39029082097002854,0.001
42,0.3226626343136534,0.22345198935065877,0.3944085699849727,0.001
43,0.32460332436299105,0.2221270930234722,0.39181927677435785,0.001
44,0.3230061323270885,0.22486262374247226,0.39446844284693816,0.001
45,0.32350703841502515,0.22318969927559815,0.392308742025901,0.001
46,0.32245254666980255,0.22235741206270682,0.3890983693509551,0.001
47,0.32218201663515983,0.22149566459400621,0.38927734331892283,0.001
48,0.3229697252358865,0.21925139287810477,0.38520244613807514,0.001
49,0.3191539125704984,0.21855139705720775,0.385813041044378,0.001
50,0.31818780549075626,0.21762191814498894,0.38104850130734436,0.001
51,0.31849501603240266,0.22050434624748425,0.3852585481896487,0.001
52,0.3177801396595229,0.21763435218200242,0.383618694290534,0.001
53,0.31793746885356555,0.22334040176102124,0.39657806788169114,0.001
54,0.3179308621708406,0.2236440447526141,0.3987127392644944,0.001
55,0.3178052472958871,0.2179183045969469,0.3855310221162921,0.001
56,0.3171658737396975,0.21928363410395746,0.3872627164525726,0.001
57,0.31803344996697314,0.21831064809568868,0.3850388330472641,0.001
58,0.314632277012965,0.218477776960221,0.384649625388905,0.001
59,0.3144975285464471,0.2177875654998758,0.38381943756279696,0.001
60,0.3161254028934951,0.2180899938685369,0.3844302301959755,0.001
61,0.3158336713773395,0.2169237529886738,0.3809215623834964,0.001
62,0.31366336441368137,0.2196992520641743,0.39406991135180414,0.001
63,0.31442607283045393,0.2163275788783812,0.3819631924406366,0.001
64,0.3150508401043918,0.21904598165751973,0.38901002617840813,0.001
65,0.3153670159501767,0.21700752275067883,0.3827799710183437,0.001
66,0.31376817371320287,0.21832865954068298,0.3845166904801364,0.001
67,0.31284575000268605,0.21814961468250282,0.38583920013699324,0.001
68,0.31213647756007834,0.21566484023298166,0.37868314927749175,0.001
69,0.31243981557701705,0.21770197215181664,0.3861488385366231,0.001
70,0.3131323161475155,0.21545305115400887,0.3775930918658838,0.001
71,0.31352299260436944,0.21621874268627103,0.3823049802549801,0.001
72,0.31232888873563996,0.2171686360201446,0.38214128788465807,0.001
73,0.31345679303374857,0.21800553874774312,0.384025639795674,0.001
74,0.3120062902159647,0.2178096345142884,0.38511689961319867,0.001
75,0.31104454370813633,0.2179730963868347,0.38641227082379853,0.001
76,0.31271720219642746,0.21745393162505858,0.3865618253292614,0.001
77,0.3121636348580002,0.21737019264154098,0.3833952753478204,0.001
78,0.3106371095967949,0.21879777937329375,0.3897283575357327,0.001
79,0.3094651070209818,0.2178790382206671,0.387816012721508,0.001
80,0.3121821054624855,0.21866368589299637,0.38800965780342667,0.001
81,0.31090949120324685,0.2182362102976607,0.38825273350314854,0.001
82,0.3095990509615032,0.21679343802649995,0.3835435550890828,0.001
83,0.31144464234693336,0.2168569057843579,0.3864409289513168,0.001
84,0.310256642896101,0.21684757418741563,0.3830569349338001,0.001
85,0.3096225835861416,0.22030698876606158,0.39275319444747075,0.001
86,0.3100495985068312,0.21551807618797617,0.3826909157459033,0.001
87,0.31016447730020646,0.21874390385950063,0.3861318214412695,0.001
88,0.31027421013477746,0.2167263034339566,0.38558082883987077,0.001
89,0.309602087654105,0.2187868133705062,0.38920223840900603,0.001
90,0.30867929401200844,0.21734377861704907,0.3860069148413938,0.001
91,0.30981316219229216,0.21743655882056975,0.38856134457244845,0.001
92,0.308921761195594,0.21538944004285518,0.3839105338107436,0.001
93,0.30906282365322113,0.21622057948557702,0.3840778193990608,0.001
94,0.30821449835912895,0.21521594941703162,0.37995287608309536,0.001
95,0.3078133122089806,0.21521543902896265,0.3783470132743188,0.001
96,0.3093984117475125,0.2150431580448846,0.38214799785707954,0.001
97,0.3063017831209603,0.21676047652112151,0.3806221924108469,0.001
98,0.3086284308805378,0.21814027716057066,0.38491338376025963,0.001
99,0.30683100948093134,0.21523150592372822,0.3808270613636938,0.001
100,0.3064002467131396,0.21811255061972962,0.38585436391647676,0.001
101,0.30658779778611767,0.21722115922053248,0.38474569328015407,0.001
102,0.30796617980397073,0.21629954318939398,0.3839997654171756,0.001
103,0.30553059498651314,0.2166868756148101,0.38510687374376984,0.001
104,0.304842276310702,0.2158915115757726,0.3832924671251308,0.001
105,0.30356733350578796,0.21839348066061698,0.3884729370639491,0.001
106,0.3055394320586406,0.21832047508470775,0.3875077042985953,0.001
107,0.3024492181769205,0.21671547454487364,0.3832860071033899,0.001
108,0.3038384106454499,0.2172530660252732,0.3870828557810266,0.001
109,0.3055790642259318,0.21813594683188228,0.3871818091947947,0.001
110,0.3052227540847358,0.2196103644741581,0.38908337120902137,0.001
111,0.30441396170799884,0.2175784677820282,0.3837686958443506,0.001
112,0.30398202708008093,0.21743278198031946,0.38629854090466603,0.001
113,0.3044357266994791,0.21595900580996022,0.38254457394824304,0.001
114,0.3047196657285778,0.2172646024525319,0.3864826277718903,0.001
115,0.30397090247464836,0.21781931898894838,0.3888105930629846,0.001
116,0.3023336450441168,0.21785368419260032,0.3854256171750163,0.001
117,0.30366293046999415,0.21630095349429343,0.38479079026595764,0.001
118,0.3027964412072383,0.21536614785884395,0.38062953441714764,0.001
119,0.30128042112796677,0.2184412072408538,0.38967552780889564,0.001
120,0.3035271751497864,0.21631441701141235,0.38434937752151177,0.001
121,0.3027222308270428,0.21640013541346212,0.38605270599482044,0.001
122,0.30247142596529164,0.21913556341515922,0.3911287064591325,0.001
123,0.30221856679391423,0.21825368713029095,0.3869804128103698,0.001
124,0.3019103361379116,0.21680747249242543,0.38255714053723844,0.001
125,0.3015208480828399,0.2170653212894291,0.3853365581273611,0.001
126,0.30224580215204744,0.21830140306651938,0.3908593477139091,0.001
127,0.301373504170584,0.2176839714032643,0.3880785240135706,0.001
128,0.3006758724057346,0.21414262165971065,0.3779770117067001,0.001
129,0.3010762696145871,0.2147759615538422,0.38281278188215206,0.001
130,0.30025594811373896,0.2163162880498193,0.3850719429395455,0.001
131,0.30090335612997005,0.21516630702014547,0.38396404889636915,0.001
132,0.3003057084225733,0.21640551336426045,0.38391287066871044,0.001
133,0.3013921924140475,0.2164894439399297,0.387016905767022,0.001
134,0.30031937784558044,0.2162371770601912,0.38699325656305245,0.001
135,0.29979538001598566,0.21548090217207158,0.3852913823339484,0.001
136,0.3007538399291695,0.218601452001179,0.3924356128385818,0.001
137,0.29987913561523505,0.21674003257938426,0.39019821636646507,0.001
138,0.3007223602008382,0.2172229990085502,0.3897088678319798,0.001
139,0.2986779829504293,0.21642727349269458,0.3866850219141292,0.001
140,0.2991390118905164,0.218002952935332,0.3906725621972988,0.001
141,0.3004359181867827,0.2192947515872393,0.39242178784465,0.001
142,0.29932581407761355,0.21702427112415126,0.3871953148684739,0.001
143,0.29901866847222003,0.21513534003415843,0.38316191815212164,0.001
144,0.2973739521219096,0.21803092580893946,0.38875331802070967,0.001
145,0.2997680233979444,0.21608916404828588,0.3839988414333511,0.001
146,0.29909133979486763,0.21581121034480835,0.3872683105344167,0.001
147,0.2986329103555154,0.2168771182320203,0.3869111111134675,0.001
148,0.2984625829742589,0.21461781523618279,0.38395735166529765,0.001
149,0.29993651315159753,0.21724828686549066,0.39096495950549637,0.001
150,0.2992134029985568,0.2158859967734374,0.3862336924668827,0.001
151,0.29832683435273827,0.21610941393349517,0.3839634772659268,0.001
152,0.29802486464517924,0.21799771859999711,0.39200358999717005,0.001
153,0.2981809690731381,0.2175296753328098,0.39009213204382426,0.001
154,0.297616642959621,0.21791978463845327,0.3893001102237314,0.001
155,0.2986242969375138,0.2164369729633467,0.3887659077328958,0.001
156,0.29779962019635997,0.21637318305382494,0.38796412147699966,0.001
157,0.2986177145887952,0.21761727017392107,0.39008453033420476,0.001
158,0.29766017307928944,0.2154295334009127,0.3839199040512005,0.001
159,0.2977326014719972,0.21567516172270737,0.3838606240552607,0.001
160,0.2966482859412464,0.21686364905207917,0.3863802772939963,0.001
161,0.29743118379094186,0.2172979600408642,0.38791841935572224,0.001
162,0.2971365902948817,0.2160288932157365,0.383115877677217,0.001
163,0.29576101461681753,0.2163878897701544,0.3862286651391618,0.001
164,0.29700295572434,0.21762302076988133,0.38943602582189246,0.001
165,0.2959900238645186,0.21602697399090717,0.3863275147345227,0.001
166,0.2955546679846737,0.21790841715205733,0.38660260441312705,0.001
167,0.29715560458668877,0.21544640342019572,0.38548530819746846,0.001
168,0.29517229051764954,0.2170485293436857,0.38704791585336645,0.001
169,0.29641046122126624,0.21631548655074162,0.38667311394281734,0.001
170,0.29505354849570387,0.21676174352515878,0.38902018465225713,0.001
171,0.29669330111884196,0.2143831473592205,0.3816077016976401,0.001
172,0.2949417550629432,0.21584432721076294,0.3832569574546358,0.001
173,0.29547797744974086,0.21696680443726957,0.38449017761843346,0.001
174,0.29593345222123174,0.21797738010210688,0.3892521929951647,0.001
175,0.2949429446950965,0.2149102350384791,0.3818131621008071,0.001
176,0.2953456297106699,0.2158248487802135,0.38399717467601285,0.001
177,0.2953771561931033,0.2164342501420981,0.38402007371333974,0.001
178,0.2946148944010428,0.214709562551418,0.3815967593948163,0.001
179,0.29324820719727684,0.21871160238751158,0.3896365502889971,0.001
180,0.2947301768928493,0.213918764739561,0.3797526542623779,0.001
181,0.29293516401304015,0.2141632908559316,0.3812393944149677,0.001
182,0.2929978180642522,0.21585168610066605,0.38206161984114134,0.001
183,0.2933245670357975,0.2176381378310873,0.38773108375885407,0.001
184,0.2952217672942975,0.2165771893177315,0.386895174909304,0.001
185,0.29445259409760116,0.21517407599275737,0.38216276287949885,0.001
186,0.2935352362350586,0.21502935003941423,0.38455493261965024,0.001
187,0.2941951889783964,0.21646878895319782,0.38657438185101733,0.001
188,0.2937751493049324,0.21565686262731792,0.38627191510112,0.001
189,0.2926242123229788,0.2162362532336669,0.386995315470829,0.001
190,0.2936728014311659,0.2173328184868179,0.3869980463668416,0.001
191,0.29173394982967904,0.2177966940741549,0.39144575418972716,0.001
192,0.29365336908659806,0.21602099840263092,0.38834907965918913,0.001
193,0.2926336920589482,0.21732058144261057,0.3868284336731957,0.001
194,0.2949540747688451,0.21840425585775597,0.38960881724640767,0.001
195,0.29130846754126594,0.21640576567445027,0.3880992493136705,0.001
196,0.2924917571314978,0.21648013116662795,0.38640025101174796,0.001
197,0.2925354221818644,0.21714535007572452,0.38744095205144385,0.001
198,0.291684648175852,0.21816718112405134,0.3913446975094085,0.001
199,0.29259640347520144,0.21536354621150405,0.38385429852554737,0.001
200,0.2931642923333229,0.21567158947812637,0.38544033673755723,0.001
201,0.2915922181868772,0.21596192289747093,0.38672317706640175,0.001
202,0.2921064200751278,0.21607061384867798,0.38610700632512635,0.001
203,0.29175947428843296,0.21524107247535892,0.38376853115060455,0.001
204,0.29098913688725286,0.21547203466438333,0.3830910559544479,0.001
205,0.2916968419737772,0.2150305442656993,0.3842161953361732,0.001
206,0.29171826300817894,0.21356016400592928,0.3811053725589353,0.001
207,0.29090881689426,0.21519717868195853,0.38451240608322984,0.001
208,0.29048021575179667,0.21503732067141726,0.38200258334655673,0.001
209,0.29007449527399254,0.21797135805771503,0.38810421670985634,0.001
210,0.29074523468083197,0.21582675542099347,0.3851880602101429,0.001
211,0.291211864953741,0.21523425642988545,0.3856100928893659,0.001
212,0.29032421303451605,0.2162106858010963,0.3848986686021359,0.001
213,0.2931206234551351,0.2167077947092781,0.38894918245703425,0.001
214,0.29006375755191943,0.21693763041614986,0.390560103267152,0.001
215,0.2919965862134181,0.21609515578609215,0.385057491417256,0.001
216,0.2910657484050191,0.21626811290065603,0.38716127470034334,0.001
217,0.2901516675675681,0.21866455587027606,0.38982763089895595,0.001
218,0.2904652897097649,0.21559942399237958,0.3859676711688512,0.001
219,0.29134572577585865,0.21679252867163246,0.3877096345613145,0.001
220,0.29085463285446167,0.21574569683999137,0.3857987959004981,0.001
221,0.2898663883909173,0.21701572498162378,0.3856726714792452,0.001
222,0.2912472865176857,0.21476451400143215,0.3824296685215993,0.001
223,0.2880264789959706,0.21557176545783865,0.3842418551566299,0.001
224,0.2884497699934408,0.2157752432441053,0.38530121362251396,0.001
225,0.288726657765721,0.21409690417538907,0.38016402919559333,0.001
226,0.2883265864685041,0.21657192881806064,0.3871073284537264,0.001
227,0.2892711876182381,0.21609308366506297,0.38742403153866917,0.001
228,0.2907737062885127,0.2148974443485331,0.38267705504473143,0.001
229,0.28953537536323615,0.21398407862989488,0.38015463976446107,0.001
230,0.28899813942406155,0.2166660576646389,0.3863267359391677,0.001
231,0.2882776830447923,0.21486117512577813,0.38337567789314475,0.001
232,0.28767041766315427,0.21471986243852562,0.3802759740673236,0.001
233,0.2878240770703062,0.21562910163764173,0.3831779461411952,0.001
234,0.2882234853342039,0.21412064959491173,0.38085069074778566,0.001
235,0.2869475918625473,0.21412856548630002,0.3814144975293511,0.001
236,0.2894379253234338,0.21508081444934835,0.38405419504858873,0.001
237,0.28790215737775926,0.2175786843325444,0.3895224955440904,0.001
238,0.28765534466012904,0.21507463704438035,0.38319257258177086,0.001
239,0.28916817425041025,0.21445774785852012,0.38157999335124754,0.001
240,0.28880053211789614,0.2141353220721402,0.38168747245845974,0.001
241,0.28752116681238926,0.213900498467567,0.38085513873733395,0.001
242,0.287009199688194,0.21413038996372433,0.3830527468048712,0.001
243,0.28787770498236387,0.215205216376458,0.38481154435207043,0.001
244,0.2869971924965535,0.21404810585361433,0.3808388346856774,0.001
245,0.2884750483779732,0.21482825913271159,0.38451654308945826,0.001
246,0.28714702476602083,0.21520097387394752,0.3816202303771868,0.001
247,0.2873393243879353,0.2144895439236264,0.3790744650787205,0.001
248,0.28841055957002376,0.21550715763754144,0.3833109655203952,0.001
249,0.28647860966691185,0.21599883652842067,0.3833225310482637,0.001
250,0.28742927941707297,0.21466032578038985,0.38220673312098247,0.001
251,0.28665770275877156,0.21467822737711986,0.3815353275264353,0.001
252,0.28609450872338144,0.21345482738551502,0.37961021147511237,0.001
253,0.28646446532065717,0.21497324672941454,0.38359837278111814,0.001
254,0.28661506739231424,0.21501909278077383,0.38456236837711877,0.001
255,0.2859942120149595,0.21777502161459802,0.38998324053437156,0.001
256,0.28726503840827067,0.21579229919271775,0.3878434177923109,0.001
257,0.2857159454067913,0.21414549307760888,0.38008893765622903,0.001
258,0.2877295704883173,0.21533449310212538,0.3825275739986567,0.001
259,0.2846701742585646,0.21706564763577607,0.3863037621840477,0.001
260,0.2858779327858479,0.21678454251930185,0.3856605851290337,0.001
261,0.2876725040991372,0.21383149142091112,0.3796115963497449,0.001
262,0.2851692192051389,0.21505096398314155,0.38513044146601977,0.001
263,0.2862961833630133,0.21638095443837962,0.3867569921373494,0.001
264,0.28684062873004773,0.21599343576903288,0.383901434913851,0.001
265,0.2843867960052753,0.21432633902785492,0.3831765121887702,0.001
266,0.28507019893838725,0.2138078103897744,0.38053433105008994,0.001
267,0.2849550762581169,0.21420648209234244,0.3821243362263612,0.001
268,0.28512231158007173,0.21714322405301723,0.38894514046037854,0.001
269,0.2850023825234229,0.21394893295301437,0.3817902075363624,0.001
270,0.28386896670958317,0.2163763620992967,0.3865876728093543,0.001
271,0.28360768332393893,0.21512993508008751,0.38585509473514357,0.001
272,0.2856129755120759,0.21580512228659088,0.3856386212438751,0.001
273,0.2878280791941039,0.21345385830884656,0.3791481569571943,0.001
274,0.2855354625424114,0.21398454266671535,0.3806173484956455,0.001
275,0.2862560917204673,0.21433864528433377,0.38041839986612247,0.001
276,0.2862800572990277,0.21323462025915058,0.37800915325638296,0.001
277,0.28598818401677895,0.21623844679077248,0.3854374730798239,0.001
278,0.28493789781671053,0.21643587102009032,0.3879682043718158,0.001
279,0.285959332087718,0.2155922551740555,0.38470045519569696,0.001
280,0.2865748879832959,0.21399478996298332,0.3795578511333166,0.001
281,0.2859231085952269,0.21444630339968887,0.38159882239240894,0.001
282,0.28508898547483147,0.21483136964754784,0.38212294521700463,0.001
283,0.2847307489826045,0.216122785324886,0.3860533814436701,0.001
284,0.2834314851585878,0.2160250653576527,0.3850071745677762,0.001
285,0.28547213534149557,0.21686209292950767,0.3871724276286933,0.001
286,0.28456040957105266,0.21678314789203057,0.3885085060367768,0.001
287,0.2856493208113067,0.2156971136530273,0.38488482300182325,0.001
288,0.284611708937435,0.21594949761685847,0.38267584729059373,0.001
289,0.2836434980598065,0.21665364711785087,0.3853284802687738,0.001
290,0.28335316506547664,0.21556064718805376,0.3852016470509405,0.001
291,0.2851736056148459,0.2146143860827298,0.3806709263442173,0.001
292,0.2832363740019842,0.21726266508569808,0.3857242972271594,0.001
293,0.2842884859360686,0.2168471043829059,0.3848407555485583,0.001
294,0.2849480449606519,0.21498957437616975,0.3804744202786758,0.001
295,0.2834318617888547,0.21550277141470048,0.3839264084317155,0.001
296,0.2840918867139641,0.21571049810036935,0.3823483936522794,0.001
297,0.2844197927811824,0.21454441368218674,0.3831141901561973,0.001
298,0.28231302327519164,0.21444356002449297,0.3797843033038288,0.001
299,0.2824247847183035,0.2147738469092129,0.38321342246395945,0.001
