0,0.4155435847085819,0,0,0.0012
1,0.3790116946686778,0,0,0.0012
2,0.37118803278396006,0,0,0.0012
3,0.36714152390496774,0,0,0.0012
4,0.36508160659618544,0,0,0.0012
5,0.3623015407407493,0,0,0.0012
6,0.36794503529866535,0,0,0.0012
7,0.367723161321983,0,0,0.0012
8,0.3620527678152971,0,0,0.0012
9,0.35870396254355447,0,0,0.0012
10,0.3582609599096733,0.19086332200738593,0.34750411056052,0.0012
11,0.35660135706788615,0.18954726294621563,0.3444885242361068,0.0012
12,0.3543060594483426,0.18915208735025352,0.34728167741954,0.0012
13,0.3575301759859972,0.1907181637173276,0.3450001239088601,0.0012
14,0.3615872327957237,0.18967433084599036,0.3410833436862824,0.0012
15,0.3549295990613469,0.18806818729419117,0.33758385735041585,0.0012
16,0.3541596198552533,0.18908085010942055,0.34123077442742955,0.0012
17,0.3533699027540391,0.18471592012353918,0.3337920786643455,0.0012
18,0.35347005110560803,0.18778453781303833,0.3401472312679684,0.0012
19,0.3527233885568485,0.188483936200051,0.34006157300483386,0.0012
20,0.3545481582221232,0.18756393620756268,0.34289892445622333,0.0012
21,0.3520328001233569,0.18830003429220477,0.34479599901567676,0.0012
22,0.35277740448190453,0.18916620211329785,0.3427916022268984,0.0012
23,0.3525931746290441,0.18788595927703713,0.3416753828930019,0.0012
24,0.3519569877208325,0.18692006742001474,0.33941408439016546,0.0012
25,0.3521320893053423,0.18870527293803144,0.34333096806772667,0.0012
26,0.35052253854902166,0.18570377180619618,0.33809206025121047,0.0012
27,0.35465964962515917,0.1874205733267491,0.3368512039364628,0.0012
28,0.3518545377934188,0.18578184857096613,0.3388907154814307,0.0012
29,0.3546087220311165,0.18469642789085441,0.3361602543758635,0.0012
30,0.35355209036354435,0.1861437143990101,0.33919930117046637,0.0012
31,0.3522619014246422,0.18792466731506868,0.3389988398974134,0.0012
32,0.3508282048921836,0.18804189604375357,0.34080861569327947,0.0012
33,0.35010384088545515,0.18671503989497568,0.3362034960957579,0.0012
34,0.3502164466077821,0.18629258666825307,0.33582626145659117,0.0012
35,0.3533089197518533,0.1898674511950229,0.34718055017315647,0.0012
36,0.35029838208043784,0.18632002194470332,0.3394991038598304,0.0012
37,0.35023436133275954,0.18931526158679746,0.34526337496726356,0.0012
38,0.3500288764112874,0.18945098959927384,0.34546472874481715,0.0012
39,0.3499045199469516,0.18760280024914142,0.3426196386964467,0.0012
40,0.34916976564808894,0.18626545683032678,0.33566975048796255,0.0012
41,0.3492587323774371,0.18756203077476358,0.33664021324508786,0.0012
42,0.349351618635027,0.186337769674564,0.3385467646094596,0.0012
43,0.3495523876004052,0.1850801156045544,0.3325738272634953,0.0012
44,0.34891273296977343,0.18604677981598058,0.34082157055621487,0.0012
45,0.34992295699684245,0.18878103209220923,0.34263272164650455,0.0012
46,0.3495154959852235,0.1902537756423607,0.34564424777335045,0.0012
47,0.35148554805078003,0.19091577477899555,0.35029875480942985,0.0012
48,0.3506471769590127,0.18761277352854372,0.34366721811199646,0.0012
49,0.3500200938106629,0.18771644472790716,0.3448885715202094,0.0012
50,0.348024083203391,0.1879776877206377,0.3433637944982095,0.0012
51,0.34943318889852154,0.18730826664682304,0.34221876787783256,0.0012
52,0.3493009110291799,0.1900391284459596,0.3475693364644108,0.0012
53,0.34736801082627816,0.18768461015142637,0.33480466812654297,0.0012
54,0.3474329808040669,0.18643335277423212,0.3380322525968133,0.0012
55,0.3482664303298582,0.1879146633823378,0.33906239245799946,0.0012
56,0.3461633782114899,0.18748419868924132,0.34448233992709243,0.0012
57,0.34809690818452,0.1843603031954764,0.3368610420127521,0.0012
58,0.3462089861563423,0.19001271622435034,0.3408268525078731,0.0012
59,0.3474306268127341,0.1863165165176291,0.3334529269541096,0.0012
60,0.3464741267656025,0.18473089317978347,0.3404566560918704,0.0012
61,0.3463027278582255,0.1884299950998632,0.3376525021951904,0.0012
62,0.3464244411964166,0.18490270344427093,0.3323251190199171,0.0012
63,0.34601327933763204,0.1827030846297106,0.33296270469366374,0.0012
64,0.34525629498979504,0.18489811201355597,0.3353741007772224,0.0012
65,0.3460097910280813,0.1855471759929155,0.3330482012057526,0.0012
66,0.34494911853158683,0.1871187393058035,0.3391408080512169,0.0012
67,0.3507671782975657,0.1834421429500831,0.3268014521823537,0.0012
68,0.34825715657911804,0.18384202602150404,0.33219459413679,0.0012
69,0.3470683389980542,0.18296336204259123,0.3327680377207588,0.0012
70,0.34538179374577704,0.18365587328353145,0.3281059357751755,0.0012
71,0.34375803041876407,0.18297981412193898,0.3293636437572376,0.0012
72,0.3431999560510903,0.18518973573918374,0.33066238970383094,0.0012
73,0.3439742228702495,0.18291156284373716,0.32980068440865884,0.0012
74,0.34521057051524784,0.18782903057207556,0.3357233918969138,0.0012
75,0.3446396444188921,0.1870359216753418,0.3445854919352962,0.0012
76,0.3428356757289485,0.18401356587984305,0.33314154880159036,0.0012
77,0.3420447743775552,0.18164659302843603,0.3324117642107515,0.0012
78,0.34259770679892154,0.18461385931868735,0.3323094135681343,0.0012
79,0.3425340498225731,0.18330054154090053,0.33161395222075407,0.0012
80,0.3419887582983887,0.18500650218337647,0.3363725883398815,0.0012
81,0.34103785350657345,0.18275210751280568,0.33222230857737317,0.0012
82,0.341496485236444,0.18100902131038557,0.32680764880743757,0.0012
83,0.3419282263831088,0.1850204045626443,0.34036181496734214,0.0012
84,0.34146235700239214,0.1860881355352673,0.3391770862654353,0.0012
85,0.3397723807577501,0.18256530503374357,0.3279809793975895,0.0012
86,0.3407397604825204,0.1836524669323942,0.33310215297965445,0.0012
87,0.3407429188751338,0.18023966600638858,0.322244757727829,0.0012
88,0.3405850823772581,0.18203892224388815,0.3277695379380722,0.0012
89,0.3394382433933124,0.18184852128300438,0.32301018748691573,0.0012
90,0.33892404823972466,0.18272424035285112,0.33085548678841464,0.0012
91,0.3394924434914924,0.1846795280539572,0.33130011167541296,0.0012
92,0.3391975614062527,0.18099181931924962,0.33003087421018834,0.0012
93,0.34130137178458664,0.17879765953407895,0.31990719319643257,0.0012
94,0.3396211363244475,0.1814965745436569,0.3222352702489839,0.0012
95,0.33983983243243737,0.18144008702767436,0.32357564040501513,0.0012
96,0.34101001356254546,0.17977966081002617,0.32075528677163107,0.0012
97,0.3392582692598042,0.18252895511248837,0.3205593553489276,0.0012
98,0.3385969969002824,0.17793827923574043,0.32094961546316136,0.0012
99,0.33770109928752245,0.18180905621723337,0.3290062609799071,0.0012
100,0.3396090175629708,0.18148239792657453,0.32193054934254656,0.0012
101,0.3397799910683381,0.18008496741519397,0.3253458364589746,0.0012
102,0.33857585359037967,0.17919694924463975,0.31961936418980325,0.0012
103,0.33835551168834954,0.1797243140357711,0.32115223615372734,0.0012
104,0.3381453953814088,0.17885286453668936,0.3248447226877645,0.0012
105,0.33849308888117474,0.18031098699649423,0.32560227755203475,0.0012
106,0.33650981517214523,0.1785516101920822,0.32143696972156427,0.0012
107,0.33703890423241417,0.17784564049775753,0.32192233780849805,0.0012
108,0.3359324342587538,0.17889762277544724,0.320813155055623,0.0012
109,0.33547147598705795,0.17877126263913395,0.3221816247346761,0.0012
110,0.33649977858652147,0.1795895663824281,0.322078027705829,0.0012
111,0.33582848937887894,0.1797438325427375,0.3240750003679333,0.0012
112,0.3350862597948627,0.1795818225852983,0.32411912063411624,0.0012
113,0.33644472859930574,0.17842655720128006,0.31784016262585035,0.0012
114,0.33558888583068264,0.18153931075749097,0.32431107807173876,0.0012
115,0.33602435050303475,0.17678704969085682,0.31278598107203764,0.0012
116,0.33567124121544656,0.17920186636697075,0.31921060533923185,0.0012
117,0.33478800089735733,0.17975881162017135,0.31769775684104523,0.0012
118,0.3343896221434861,0.17834556125434478,0.31928958582950207,0.0012
119,0.3349925339744802,0.1803233851731387,0.3238908940140596,0.0012
120,0.3339147761202695,0.18498862746115458,0.3313813238374704,0.0012
121,0.3354158558343586,0.1804354148783459,0.3273495402635776,0.0012
122,0.3342752813508636,0.17871097794207494,0.3226966712647372,0.0012
123,0.3344557767635898,0.1759743899916855,0.31515223219243377,0.0012
124,0.33452043577767254,0.17871102282730605,0.3174808979531055,0.0012
125,0.3332120587951259,0.18039058000626662,0.32778225551140255,0.0012
126,0.3342061004879182,0.1788266061291038,0.3223014609116495,0.0012
127,0.3338528044129673,0.1783957166684543,0.3190390334597892,0.0012
128,0.3330517225621039,0.17772438633017448,0.3172120348723822,0.0012
129,0.3336678257114009,0.1812564095459837,0.3251449794295561,0.0012
130,0.33347186302406745,0.17835109855919842,0.3229829738998241,0.0012
131,0.3330333861604072,0.17941762255700902,0.3219664301582569,0.0012
132,0.3352757011327827,0.1819677222249542,0.3182038602625316,0.0012
133,0.3342729193207465,0.1791643620194664,0.322275198946192,0.0012
134,0.333435319102647,0.17889863378790916,0.321632910176052,0.0012
135,0.3323746488282555,0.1783326490870659,0.3186490623626522,0.0012
136,0.332033763394544,0.1756782662479476,0.3129192663968677,0.0012
137,0.3321319752487174,0.17608974448828071,0.31674281479466065,0.0012
138,0.3326558705353946,0.17782973634665794,0.32086300393625017,0.0012
139,0.3333172828220485,0.17828436735766515,0.3186515502086843,0.0012
140,0.33220734826305454,0.17859808775414432,0.32067836470710426,0.0012
141,0.3316914883621952,0.17981294594580532,0.3233272096835355,0.0012
142,0.3320954814553261,0.17933030874010328,0.32065468583194934,0.0012
143,0.33230478591040563,0.18474616236907698,0.33741771767867884,0.0012
144,0.3321542739868164,0.17818714649444203,0.3140234422569692,0.0012
145,0.33122956805061876,0.1747165487174193,0.3125872259851413,0.0012
146,0.33108087328442354,0.17857232144195848,0.3189862788078394,0.0012
147,0.3317585101253108,0.17772787588320355,0.3184205048508626,0.0012
148,0.3313144109489625,0.17767598362960207,0.3185528828919087,0.0012
149,0.330713654231084,0.17841050306782283,0.31858414518156936,0.0012
150,0.331179768173841,0.17729076653375883,0.3198984890196055,0.0012
151,0.331659664056803,0.17754865791343885,0.3161874462742399,0.0012
152,0.3318443724460769,0.17963062323176124,0.3219605069499151,0.0012
153,0.3304422402329612,0.17794521674085267,0.32062404345111845,0.0012
154,0.3307452740376456,0.1809992166242904,0.3207742789718186,0.0012
155,0.3305415368655272,0.17615228275237046,0.3138518884410951,0.0012
156,0.3313034062453529,0.17899920079037412,0.3210284046438192,0.0012
157,0.330402812479358,0.17663855183012708,0.31539964232229034,0.0012
158,0.3293375525819628,0.17866815359992125,0.31786882376163983,0.0012
159,0.3302713728656894,0.1785903893896265,0.31520731622365517,0.0012
160,0.33033844279615504,0.17868148779784881,0.316624974642012,0.0012
161,0.3297682884884508,0.17960093384089942,0.3227752494300715,0.0012
162,0.32935677599488644,0.17717323838773952,0.31666646337468574,0.0012
163,0.330429844558239,0.17855214662533217,0.31706436602055865,0.0012
164,0.3296919284028965,0.1789441178536971,0.319661743784835,0.0012
165,0.3292358270601222,0.1776539783713555,0.3116304069697702,0.0012
166,0.3293400119271195,0.17774028555484625,0.3142620841664374,0.0012
167,0.33028738566657956,0.17816562074183523,0.3201597358429712,0.0012
168,0.3296125604395281,0.17654902440499395,0.31606511486159267,0.0012
169,0.3294626346936351,0.17930252313989795,0.3249120341127515,0.0012
170,0.3301818223114599,0.17719490755413358,0.32233043980203124,0.0012
171,0.32934082743891496,0.17703833527823018,0.31782200134981614,0.0012
172,0.32925869001631153,0.17397997769570783,0.3096069087783217,0.0012
173,0.32846256136371377,0.17614422311648023,0.31456284340386326,0.0012
174,0.32862327300142824,0.17633461641403186,0.3137557278549914,0.0012
175,0.3289437462624751,0.17701080311536643,0.3177895000635672,0.0012
176,0.32916415051410075,0.1752251208286143,0.3130357402868769,0.0012
177,0.32831434794423875,0.17944493522014499,0.32114682200959016,0.0012
178,0.3280631429270694,0.17674136911533753,0.3170192497948916,0.0012
179,0.32852419609563394,0.17545049887953806,0.3076202676563566,0.0012
180,0.32845415815449597,0.17448920283227756,0.3114690467540572,0.0012
181,0.3283670830883478,0.17528305616699083,0.3126928921136587,0.0012
182,0.32768418692183077,0.1741809452968541,0.3062227788544282,0.0012
183,0.3284849027139053,0.17730951104417886,0.3169437178040718,0.0012
184,0.3276397580640358,0.17843404318202133,0.31677100463552527,0.0012
185,0.3282875858508704,0.1755769531653605,0.31333086286984396,0.0012
186,0.3268785845945802,0.17716459579122562,0.3131515261191387,0.0012
187,0.3273340182607634,0.17631656269826637,0.3141848492737462,0.0012
188,0.3266759418735379,0.17855972620820176,0.3229646656520276,0.0012
189,0.3270238490219702,0.18026950647436976,0.3190731456879242,0.0012
190,0.32814294648797887,0.17669810577372824,0.3142552093364616,0.0012
191,0.32733520891582757,0.17681855857572157,0.32090842560044,0.0012
192,0.3274312716696346,0.175713064344444,0.32033632118375777,0.0012
193,0.32654347519079846,0.17619600589390827,0.3173485691763373,0.0012
194,0.3269401400497085,0.17451795455971367,0.3135621775390513,0.0012
195,0.3264119843380493,0.17526923644223397,0.31291960057288587,0.0012
196,0.3266671685534611,0.1756868754542286,0.3155237505332258,0.0012
197,0.32719591050817254,0.17479510553520985,0.31256413910239206,0.0012
198,0.3261205101091611,0.1772104126645809,0.3173427855501162,0.0012
199,0.32618363979354237,0.1786616227987934,0.3187222140677799,0.0012
200,0.32661948496835275,0.17561218040845689,0.3128924805879222,0.0012
201,0.32672612702375964,0.17795984823143576,0.31823955387398606,0.0012
202,0.32552333633627806,0.17642804173832108,0.3169003545656254,0.0012
203,0.3257603545330073,0.17696164667133973,0.3176829833051854,0.0012
204,0.3272408887482526,0.17843552494202913,0.32281051854766507,0.0012
205,0.3258126759084693,0.17642653644093598,0.3192836921797271,0.0012
206,0.32544947507088645,0.1785395103380104,0.31958681035499126,0.0012
207,0.3258083577741656,0.17546513201226374,0.31514720148859265,0.0012
208,0.32551759089294235,0.1760806738399286,0.3167744383556923,0.0012
209,0.3258966604868571,0.17655832823759554,0.3166990902848432,0.0012
210,0.32499938033390463,0.17612265028911883,0.3168499670622269,0.0012
211,0.32520598846307974,0.17376628239463499,0.30970550466189445,0.0012
212,0.3263336335096443,0.17846656691101406,0.3222933700750818,0.0012
213,0.32651019939466525,0.1760741758816528,0.31627825922298153,0.0012
214,0.3253721144507852,0.17615486857958762,0.31694351992588904,0.0012
215,0.32574281906872465,0.18036371893234615,0.32556902252233455,0.0012
216,0.32470201602891874,0.17905131911227382,0.3209906657437621,0.0012
217,0.3246464862635261,0.1758587130877594,0.3149097920071423,0.0012
218,0.32634406576031133,0.17624890094925866,0.3141302398217349,0.0012
219,0.3245433128455229,0.17912516790722469,0.3206007627955429,0.0012
220,0.3259663293628316,0.18087368248570587,0.3252809291307473,0.0012
221,0.32537869383629997,0.17726709669029478,0.31635521577250286,0.0012
222,0.3256537392735481,0.17589072939468817,0.3126711090921302,0.0012
223,0.32469216975988,0.1763926979031,0.3148817614541095,0.0012
224,0.3232915377930591,0.1747886858523981,0.31311803379983344,0.0012
225,0.32496413274815206,0.17522195532505866,0.3147209488929521,0.0012
226,0.32442055034794304,0.1761070302286894,0.3169169771540477,0.0012
227,0.32431019162922575,0.17726643764373054,0.3176116650522655,0.0012
228,0.32247923549852875,0.17751999650384584,0.32012480090139583,0.0012
229,0.3240381309991343,0.17626218095648039,0.3120493651680018,0.0012
230,0.32418895029185113,0.17711672350271362,0.3143993459395623,0.0012
231,0.32422758991781037,0.17558212098812875,0.31183300877569625,0.0012
232,0.3242433466540094,0.17699938310833183,0.3170754324195093,0.0012
233,0.3227036547634685,0.1771367351998415,0.3160331062181224,0.0012
234,0.32420007891038005,0.17511659600310045,0.3131273069790699,0.0012
235,0.32378410051266354,0.1786198012583886,0.3212703998084673,0.0012
236,0.32388859039597345,0.17226095654573798,0.30939501080316284,0.0012
237,0.323685354700214,0.17667547759605468,0.31173575123833885,0.0012
238,0.3233046044121709,0.17342838144834258,0.3068974662769049,0.0012
239,0.32459591198385807,0.17501792458057897,0.31179039599641595,0.0012
240,0.3234228302250829,0.17356385876038172,0.30962159445955273,0.0012
241,0.3230306204212339,0.1747284723148518,0.30573911284829464,0.0012
242,0.3231373761960289,0.1738374638026195,0.30736744912986197,0.0012
243,0.32309870180069356,0.17491753055046808,0.3082286543926137,0.0012
244,0.3232607957825326,0.17544514111560885,0.31026039203453476,0.0012
245,0.3224171659533392,0.17512587520356301,0.31197317303585864,0.0012
246,0.32336077682281794,0.1773401326246577,0.31554042649128244,0.0012
247,0.3220962642185521,0.17363957138718575,0.31008874954296045,0.0012
248,0.32252329685970355,0.17410684470670426,0.31178566991002626,0.0012
249,0.32341543702702774,0.17295853379660514,0.30779385444476387,0.0012
250,0.32251174604160743,0.17499441840399424,0.3185967354888486,0.0012
251,0.32150517345259066,0.17429094531380535,0.3116263705832706,0.0012
252,0.32343120611550513,0.1729860123161439,0.3131797553714256,0.0012
253,0.3220131790690255,0.1721508350102342,0.310191991869007,0.0012
254,0.3223085370110838,0.17232407393878532,0.3054108657859637,0.0012
255,0.3213476339322433,0.1719970472608028,0.30761668942764114,0.0012
256,0.3225605881266427,0.17437090452137793,0.3116436229333783,0.0012
257,0.3215247025353867,0.1752565147634969,0.3117512514222972,0.0012
258,0.3214313404863341,0.17439730579536986,0.3151430173092595,0.0012
259,0.32192012798367886,0.17227691324540081,0.3052124793600801,0.0012
260,0.32321641110537347,0.17593730548530637,0.31202870372986596,0.0012
261,0.32144639771758465,0.17292001679449626,0.30696709969152186,0.0012
262,0.32203232313980135,0.1722140755639767,0.30857063140918506,0.0012
263,0.32201673397630975,0.17695857586467414,0.3180276025291928,0.0012
264,0.32081390512094166,0.17161588735194805,0.30803964131666484,0.0012
265,0.32094870912924145,0.17094180314052482,0.30249684433893587,0.0012
266,0.3215947953101836,0.17379609768309628,0.30641749098625454,0.0012
267,0.32149408999503704,0.1722499662326842,0.30623895642220716,0.0012
268,0.3231441553093885,0.17109901749418555,0.30706346390330735,0.0012
269,0.32192010615478484,0.1749184627400851,0.3072131468430242,0.0012
270,0.3221551996835491,0.17331987687592082,0.30491752345458656,0.0012
271,0.3208421129537256,0.1722785209030081,0.30537003062604295,0.0012
272,0.32059227002033014,0.17577062253740297,0.3166703733162055,0.0012
273,0.32084973640086356,0.17427311219252936,0.3130307539208859,0.0012
274,0.32072804378051506,0.17280393209182404,0.31060469843037775,0.0012
275,0.3208077278707111,0.17372511004793884,0.3106884690505989,0.0012
276,0.3212721064817487,0.1729985473380052,0.31384018817510256,0.0012
277,0.32070123940183404,0.17444856965573569,0.30954493760105506,0.0012
278,0.32179584785511617,0.17279484994847372,0.305936376048643,0.0012
279,0.3204438034771827,0.17351071245721322,0.30479896814883756,0.0012
280,0.32152608383381576,0.17423072958673558,0.30949702234333404,0.0012
281,0.3192564707184047,0.17206165571933268,0.3061671406000809,0.0012
282,0.32025591721921637,0.17105771870250902,0.30439214538438625,0.0012
283,0.32095322496535483,0.17378608663441414,0.3097747102983653,0.0012
284,0.31949115126279365,0.17397542348689185,0.3085433734842434,0.0012
285,0.3207635625935437,0.17807846949704706,0.31427085977646746,0.0012
286,0.3199727707134004,0.17171712489597546,0.3057704843404379,0.0012
287,0.31992405554965925,0.17138991429802153,0.3074910326762382,0.0012
288,0.3200797960815722,0.17185322129577552,0.3050950546695081,0.0012
289,0.3199348288277785,0.17027899333282548,0.3051256239749935,0.0012
290,0.3196160426003891,0.17138636781738223,0.3034128257311724,0.0012
291,0.31944047130252184,0.1741186139427322,0.31142457917471533,0.0012
292,0.3192781508622462,0.17561496329278625,0.31185728867504114,0.0012
293,0.31979865829149884,0.17208726548059047,0.3058767137238655,0.0012
294,0.3190826054727822,0.17361309840630024,0.30745270178377543,0.0012
295,0.3190203654138665,0.17043521856925897,0.3043999972892063,0.0012
296,0.3188605632044767,0.17567395945528366,0.3127750394759242,0.0012
297,0.3193855732679367,0.1728440348563055,0.30455913240170246,0.0012
298,0.3190518139877863,0.17208243867610257,0.306449541504361,0.0012
299,0.32024459390525234,0.17104939741856423,0.3030426703687346,0.0012
