0,0.41654314883684707,0,0,0.0018
1,0.3958359600628837,0,0,0.0018
2,0.3846916310110335,0,0,0.0018
3,0.3745654186202308,0,0,0.0018
4,0.3698654489244445,0,0,0.0018
5,0.3677735979021606,0,0,0.0018
6,0.3649684823418068,0,0,0.0018
7,0.3624423744819932,0,0,0.0018
8,0.3702878253692288,0,0,0.0018
9,0.3655139297499495,0,0,0.0018
10,0.36360827025215503,0.14018116085076146,0.21671107287306507,0.0018
11,0.3616509609303232,0.1377536147933992,0.21699750235170534,0.0018
12,0.36200537090584384,0.1435836396714955,0.22511858748595898,0.0018
13,0.36037268552739743,0.13944937847726196,0.21406740961515464,0.0018
14,0.3590723565321858,0.139711286940694,0.2198481761407432,0.0018
15,0.3602923110632573,0.14171330029613002,0.22576302220965747,0.0018
16,0.3591421925920551,0.1393262138251331,0.21581893658496198,0.0018
17,0.3589107683401997,0.1408349123400197,0.21731576837877922,0.0018
18,0.3579626925668474,0.14193104477744703,0.2203323340923912,0.0018
19,0.35920377063044046,0.1424969572232257,0.2200782923599078,0.0018
20,0.3585798335024866,0.13927910330541515,0.21432111114803137,0.0018
21,0.3584215716790345,0.14038443724376048,0.22207823103756094,0.0018
22,0.35804384138624545,0.14507364951602142,0.221357711508396,0.0018
23,0.3584428189669625,0.14146793086290213,0.21639107703323726,0.0018
24,0.35727054524724766,0.14112506914481135,0.2183660249824099,0.0018
25,0.358283141406916,0.1396953948474525,0.2131824816547822,0.0018
26,0.3569107445872436,0.1396487924582991,0.2135432019901436,0.0018
27,0.35790471088583187,0.13950731465669014,0.21279707361026207,0.0018
28,0.35778800739070116,0.14048868394710318,0.21517393950945474,0.0018
29,0.3575186591784833,0.13961580610926094,0.2119259637027644,0.0018
30,0.3592886182211213,0.1402056124653297,0.21867558059824405,0.0018
31,0.3591854350041535,0.14029634785302714,0.2191144492448826,0.0018
32,0.35684296589786724,0.13909514021156838,0.21284246980859053,0.0018
33,0.35621231352373706,0.13902816550480568,0.2160889686284641,0.0018
34,0.3563726525438034,0.14038734164370678,0.2158323279940678,0.0018
35,0.356456981119463,0.1390164630100359,0.2129170385879411,0.0018
36,0.3555173972400568,0.1391187775778905,0.2144494249586797,0.0018
37,0.35530356481923897,0.13930095725739008,0.21111712612490113,0.0018
38,0.3559668122206704,0.1407312450294549,0.21277071836532654,0.0018
39,0.35474117062354493,0.1391222006428155,0.2125305811298803,0.0018
40,0.3587098818714336,0.14889028387140749,0.243169510759743,0.0018
41,0.36142014914144904,0.1409051161545529,0.21984114534887284,0.0018
42,0.36048994023921127,0.13976424963730397,0.21903161993573936,0.0018
43,0.36083476359056216,0.14063857936528362,0.22117280837465683,0.0018
44,0.35791501200805276,0.13742187803631462,0.21213916475132394,0.0018
45,0.35547499383910225,0.1398852442001194,0.2126429018409885,0.0018
46,0.35592140838251274,0.14050692149667002,0.21929583326465812,0.0018
47,0.35435676827269086,0.1398305650136756,0.21156860074712747,0.0018
48,0.3543347588787645,0.13900378515245077,0.2108978674784279,0.0018
49,0.35438624819961645,0.1375359409546241,0.20597245571462014,0.0018
50,0.3532407950546782,0.13947312800411116,0.21220158952012635,0.0018
51,0.35317664921788844,0.13743492335905189,0.20747820055222965,0.0018
52,0.35338674927667035,0.13606285805461138,0.2096985244389878,0.0018
53,0.3530767111707542,0.13614168645597038,0.20974506393107625,0.0018
54,0.35296124308291127,0.1367128766432346,0.20952553944556615,0.0018
55,0.3527794865480924,0.13615452604779618,0.20574835898357718,0.0018
56,0.3522714179451183,0.13791126663874584,0.21208985904604058,0.0018
57,0.3525043268830089,0.1412948541565648,0.21789204513374716,0.0018
58,0.35267881190372724,0.13870420004700135,0.20385825365597396,0.0018
59,0.36096367593538964,0.14006192305642218,0.21370417589253551,0.0018
60,0.3673708350476572,0.14055506376930252,0.22312011278202293,0.0018
61,0.3578612594786337,0.13980274176691027,0.21966162777939818,0.0018
62,0.3558980359111802,0.14077407919670226,0.22027940609785365,0.0018
63,0.3564072806956404,0.1393472039551483,0.21559568663490714,0.0018
64,0.35358205753362787,0.13685070829820728,0.20718255315146109,0.0018
65,0.351935937874398,0.13790080224747356,0.20596281393724425,0.0018
66,0.35250085390220254,0.13650624844752388,0.20579320863171796,0.0018
67,0.3524615339050859,0.13723851168604545,0.20841904766105807,0.0018
68,0.35164634315139154,0.13569834005972872,0.20477190710444287,0.0018
69,0.3525295237363395,0.13507841023658299,0.20087436662424807,0.0018
70,0.3522553527254169,0.13464804037955094,0.2046690088070298,0.0018
71,0.35056752673650193,0.13582517316666495,0.20336167748917683,0.0018
72,0.3511996264174833,0.13325825309216519,0.20505854944021407,0.0018
73,0.3530610856615891,0.13502144322325593,0.20583065475563248,0.0018
74,0.353235335547035,0.13342898867987715,0.20361186920316113,0.0018
75,0.35138106169336936,0.1330672982456847,0.1982544299651323,0.0018
76,0.34969886657545124,0.13240105975763872,0.19856632143236388,0.0018
77,0.3510710854651564,0.13657966092067067,0.21116184378303057,0.0018
78,0.3505912088489128,0.13466333510954343,0.2047989120748566,0.0018
79,0.3514615458957219,0.13410452471791126,0.20284490778015554,0.0018
80,0.3505549775594372,0.13248172424541568,0.19966533068454034,0.0018
81,0.34951587084491376,0.13310765496659427,0.19851407662556098,0.0018
82,0.3497286389692355,0.13964593577305215,0.2056293272310486,0.0018
83,0.3537839949131012,0.1376247423478192,0.2143224793825149,0.0018
84,0.35324085769006763,0.13724400197482808,0.20980875933611437,0.0018
85,0.3524195786754964,0.135944944498097,0.20928239618408753,0.0018
86,0.349792097710957,0.13352907366996203,0.20495005736894115,0.0018
87,0.3493454827595565,0.13307241982997234,0.20013135581125352,0.0018
88,0.3488162356918141,0.13282042363057722,0.2036626370231473,0.0018
89,0.34923895069603195,0.1340955921543896,0.20294584017000572,0.0018
90,0.34953842059535495,0.13239940647428974,0.1983812825905849,0.0018
91,0.34977195917044657,0.13663049876398087,0.20847067713414624,0.0018
92,0.3499462436568939,0.13399420213629387,0.20245803018487563,0.0018
93,0.34824889910928275,0.13437821065635494,0.2090161862738708,0.0018
94,0.3500804845559395,0.13334212809757,0.19820576469025597,0.0018
95,0.3493699116979615,0.1326528173835371,0.19870883439380696,0.0018
96,0.34835193533513503,0.13342410195105775,0.2025063877928946,0.0018
97,0.3481317595657656,0.13329110869053368,0.20170387458148903,0.0018
98,0.3487128581283456,0.13449311322943877,0.20127643329540762,0.0018
99,0.35118056581181994,0.13483063090120206,0.20555574187023304,0.0018
100,0.3488437039619785,0.13371861938363308,0.1970943427999731,0.0018
101,0.3481412999710794,0.13298245717253585,0.19995940350024435,0.0018
102,0.3481124566268113,0.13375597999322617,0.20154892388524726,0.0018
103,0.34809997551522015,0.13365980017243115,0.20320250311257299,0.0018
104,0.3484050522921449,0.136347015200713,0.20720568765421907,0.0018
105,0.34685817752349174,0.13384639005342802,0.20197853185242992,0.0018
106,0.34741408302117205,0.13450306019507524,0.20309703008043212,0.0018
107,0.34861415056353906,0.1326642905998814,0.19771305713210036,0.0018
108,0.34795587636151554,0.1342133737208915,0.19949800453047706,0.0018
109,0.34785001687074113,0.1323463124073387,0.20503319341543463,0.0018
110,0.3471449095818956,0.13306879351282155,0.2056113347616892,0.0018
111,0.3463375437057624,0.13360001923118514,0.2048152946378808,0.0018
112,0.3450558368684882,0.13529636602585426,0.20926508876147698,0.0018
113,0.3467176735906278,0.13374249098575203,0.20316759826112987,0.0018
114,0.34613574094186395,0.1326667761019477,0.2001659883171099,0.0018
115,0.3449466022647033,0.13475905451447326,0.20572977162965975,0.0018
116,0.34637438038648183,0.13321336161580286,0.2064368198121064,0.0018
117,0.3452007642994493,0.13190812043796996,0.20467417965514914,0.0018
118,0.3451067781296827,0.13182549778850527,0.2040364996597058,0.0018
119,0.3444925331968372,0.1338312880412472,0.21039889225374905,0.0018
120,0.3451805326898219,0.13306264079529076,0.20980888946711143,0.0018
121,0.34589024658425377,0.13306985067226434,0.20442564525236326,0.0018
122,0.3459761636489529,0.13215419691628824,0.20470215410149106,0.0018
123,0.34464809172234295,0.13273213594498945,0.202704860801107,0.0018
124,0.3445432116672144,0.13105868167159543,0.20206728955799694,0.0018
125,0.34434041898634477,0.13034919941349332,0.1990357420485935,0.0018
126,0.3442042641720529,0.1317235841480595,0.2046476887021738,0.0018
127,0.34405334622172984,0.13265475881409647,0.205249411644112,0.0018
128,0.34418992508771057,0.1293745300104751,0.19603291259122957,0.0018
129,0.34428564875812856,0.13135782433165083,0.20259093947873483,0.0018
130,0.3437922949255523,0.13230983544919078,0.20144377153306348,0.0018
131,0.3442887465580035,0.13223069225475034,0.20366618216331037,0.0018
132,0.34402392867763165,0.1332737609891262,0.20516680262815665,0.0018
133,0.3441807055624865,0.13030819079824976,0.20043227909444622,0.0018
134,0.3426126914761834,0.13086036017127203,0.20125499142511868,0.0018
135,0.34330764753838716,0.12969845395029428,0.20219091400521505,0.0018
136,0.3433315609976397,0.13116597467963964,0.19703442862990705,0.0018
137,0.3433751894508378,0.1320277077269902,0.2010891097251229,0.0018
138,0.34386078634504547,0.13125509892164464,0.19966749643613446,0.0018
139,0.34489972636861316,0.13164882574858813,0.20308749984391086,0.0018
140,0.3435896895194458,0.13147117276881287,0.20275418881456125,0.0018
141,0.3447040281558441,0.13252313564708237,0.20555380663640516,0.0018
142,0.34308180339255573,0.13133723327003022,0.20112638110169848,0.0018
143,0.3424643249077312,0.134969679590844,0.2093074491895452,0.0018
144,0.34343026679451183,0.13274847110329638,0.2087518521090262,0.0018
145,0.34299976618613226,0.12988574653868162,0.2000863295567596,0.0018
146,0.34371304032156025,0.1318927525867499,0.20562238102432634,0.0018
147,0.3439280347803892,0.1339121539222357,0.2098076086062974,0.0018
148,0.3428960066225569,0.13540494980946668,0.21125991329094518,0.0018
149,0.3434907887446678,0.13442722294766135,0.20651769157925084,0.0018
150,0.34260828275296645,0.13136276063418387,0.20493410237919302,0.0018
151,0.34132325333558905,0.1345019776291042,0.20832329541439845,0.0018
152,0.34298435333421673,0.13566750830821847,0.20564753534606028,0.0018
153,0.3420425219050908,0.13281889180282658,0.20193597250983764,0.0018
154,0.3421610249048572,0.13799424559927712,0.21677731326860306,0.0018
155,0.3440967171879138,0.1336163184485497,0.20599814171442785,0.0018
156,0.3423401417873673,0.133566590436753,0.20434161780853982,0.0018
157,0.3422826000694501,0.1341574892735355,0.20727519340827644,0.0018
158,0.3422255062703359,0.13243788930882472,0.20400282547569212,0.0018
159,0.3438937301605435,0.13186482771387165,0.20305650635843686,0.0018
160,0.34144566940554116,0.13438191195374757,0.20661040526712882,0.0018
161,0.34206763402385226,0.13206264851968755,0.20187600814638698,0.0018
162,0.3420131378254648,0.13269751118471637,0.20428851506666335,0.0018
163,0.3420592029973612,0.13422901732589354,0.21063774862838128,0.0018
164,0.34149041544582887,0.13341567565908638,0.2054415389072029,0.0018
165,0.341979989813546,0.13598936068648004,0.20778123195757492,0.0018
166,0.34210748124425694,0.1333525125512291,0.20786166592686495,0.0018
167,0.34157436555725035,0.13296140817373572,0.20382123138730707,0.0018
168,0.34122594736390194,0.1366491167917997,0.2146644041543635,0.0018
169,0.3425322815270747,0.13289833058053446,0.20737874421968913,0.0018
170,0.3414002664513507,0.1312177110465091,0.20066877173246736,0.0018
171,0.3420452272235337,0.1321331720846735,0.19977415366034867,0.0018
172,0.34181657862865317,0.1321268291280167,0.20325985370199673,0.0018
173,0.3412910106323533,0.13087971250972372,0.2014122491580371,0.0018
174,0.3413216113033941,0.13184369258074413,0.2026091178495186,0.0018
175,0.34075970354221635,0.1307121093610407,0.20010127789029464,0.0018
176,0.34031965760356286,0.13104872541088763,0.19980930576068623,0.0018
177,0.3418843508776972,0.1344686572771706,0.20866462344267478,0.0018
178,0.34076101156109473,0.13169311800268718,0.203988242438456,0.0018
179,0.3428596609224707,0.13168573028001598,0.1988707108476143,0.0018
180,0.34136708737429927,0.13382391704970437,0.20387383870188755,0.0018
181,0.3419218178270227,0.13592599494606838,0.21836163584978008,0.0018
182,0.34204885767678084,0.1319397298771125,0.20356656595554487,0.0018
183,0.3420790784944922,0.13357497768942492,0.2070426995098939,0.0018
184,0.3409492280018532,0.13012839809306068,0.19900595413385666,0.0018
185,0.340648810237141,0.1327283032772557,0.20536989342775083,0.0018
186,0.3406155187699754,0.13286377150543194,0.20769967235516024,0.0018
187,0.34174893960609276,0.1313590432253343,0.20007093227128464,0.0018
188,0.34155604798915024,0.13121750469592616,0.20135621475069804,0.0018
189,0.34072567800344045,0.1335206362239051,0.20619288646957412,0.0018
190,0.3406408008629993,0.13289094223819184,0.209011530372697,0.0018
191,0.3411510502130298,0.1291731876119784,0.19268678733901215,0.0018
192,0.34159771693965135,0.12912749552014124,0.19457128587965583,0.0018
193,0.3402954864047341,0.12636034969504392,0.19456003047791626,0.0018
194,0.3407078396718381,0.13203498143012007,0.2010369513624823,0.0018
195,0.34073281111353537,0.1321116775421223,0.20513485918640403,0.0018
196,0.3412939474239188,0.13016512849681944,0.2016681006408869,0.0018
197,0.3404833077121589,0.13037591220907374,0.20005405799899292,0.0018
198,0.33900518955315573,0.13025787843630385,0.20010785415318239,0.0018
199,0.3402539861656852,0.1327651284907418,0.20444482842034586,0.0018
200,0.3397063784680124,0.13465442857222143,0.20879779113951388,0.0018
201,0.3404133564839929,0.12993406913569738,0.19797430161527166,0.0018
202,0.3400466539344545,0.13315997692295578,0.20329451223405254,0.0018
203,0.34004731097463836,0.13017818001627093,0.20079503505040466,0.0018
204,0.33957825979944,0.13060240025412925,0.2034298233743148,0.0018
205,0.3396482547208414,0.13101591071083288,0.20255795220048425,0.0018
206,0.3392705448855788,0.13245268396398113,0.20706558304572895,0.0018
207,0.3397806923268205,0.13088464943192818,0.20095311818564737,0.0018
208,0.34065535020525173,0.13070250197534247,0.1963802563895991,0.0018
209,0.3427981959056046,0.13376424764931397,0.2032459743016519,0.0018
210,0.3395965484491849,0.1318035093678322,0.20008984588220188,0.0018
211,0.34019102093021747,0.13101582085847696,0.20083500943369084,0.0018
212,0.34022245985471594,0.13047031853026422,0.2026610642845354,0.0018
213,0.34088696046906003,0.13412185011114763,0.2029677839741405,0.0018
214,0.33994514128919373,0.13389164341789972,0.2067854407532615,0.0018
215,0.338868521911613,0.13059880368120663,0.19698250729158256,0.0018
216,0.3412045643238698,0.12889850648123397,0.1975781958732851,0.0018
217,0.3397606905486624,0.12958073930830577,0.1996034087790909,0.0018
218,0.3392162994813111,0.13150915490884038,0.2049140287433876,0.0018
219,0.34015237805196796,0.13107105527051324,0.20410964536365267,0.0018
220,0.3392609852855488,0.13208452168147647,0.20302665988475135,0.0018
221,0.3402903974056244,0.13112513461502234,0.20308120150365258,0.0018
222,0.3391687050461769,0.12977127525690624,0.19801193549962479,0.0018
223,0.33962449633469016,0.1312730848846149,0.20062066695038555,0.0018
224,0.33996773384890316,0.13367997233617174,0.20781374425768617,0.0018
225,0.3405923516315929,0.13054928016097858,0.20480977987212634,0.0018
226,0.33920980194362543,0.1339826663331361,0.2062996273494293,0.0018
227,0.3406774053129099,0.13064158703539755,0.20139284104933097,0.0018
228,0.3395589437272589,0.12923589402199903,0.19446664196786775,0.0018
229,0.3392671426221476,0.13014118501281574,0.19761534176639922,0.0018
230,0.33889968731140685,0.13018067667242275,0.19784282004435177,0.0018
231,0.3396437808366145,0.13307660199238702,0.20595992781763062,0.0018
232,0.3396795827705981,0.13253132584424265,0.20361730774933162,0.0018
233,0.33972220400632436,0.1286169816993252,0.20035363442636595,0.0018
234,0.33891240532620476,0.13011990859460443,0.19782363780587628,0.0018
235,0.3389997049155882,0.1301573795057103,0.19701733034639896,0.0018
236,0.33863634363574496,0.1330731615766623,0.20333581488301597,0.0018
237,0.33964729460619264,0.1325940706738913,0.20478570656717518,0.0018
238,0.33878868641489646,0.12939461727923113,0.1982736893526989,0.0018
239,0.33918308226738947,0.12801842806148944,0.1923388031102356,0.0018
240,0.33892710645825175,0.13189843063597284,0.1968127430403384,0.0018
241,0.33914831280708313,0.1333416515702479,0.2031794792211625,0.0018
242,0.33942739678136374,0.1331236951613052,0.20138860249685492,0.0018
243,0.33905383401503,0.1298547679250448,0.19582572452424188,0.0018
244,0.3394820474214473,0.1274825411747034,0.18947443303375594,0.0018
245,0.3393718313615201,0.13243489009915113,0.20248125577933157,0.0018
246,0.33988766372203827,0.13438855545104317,0.20754527936319164,0.0018
247,0.3397939513295384,0.13484282169705095,0.20473581527240503,0.0018
248,0.3392468880293733,0.13399790715171503,0.208240106385999,0.0018
249,0.33879553059400136,0.13302692107561825,0.20519958541484037,0.0018
250,0.3391525132928864,0.13068026010905853,0.19963473038057894,0.0018
251,0.3385878301272958,0.1327809840233695,0.2039197173144123,0.0018
252,0.3388028732043202,0.12852782895243486,0.1904528731286241,0.0018
253,0.33853118513095176,0.13276360843674812,0.19886462164645846,0.0018
254,0.33912413908263384,0.12911084432941003,0.19882693849822786,0.0018
255,0.3401640527329202,0.13190612075829708,0.20208535174039047,0.0018
256,0.33874305438692287,0.12939410109293814,0.19494886096765937,0.0018
257,0.33861754417924556,0.13434616992590398,0.20184035783023208,0.0018
258,0.33833784193305644,0.13156752361891985,0.20213679066451867,0.0018
259,0.3382548088744535,0.1342786083903064,0.2045833063913726,0.0018
260,0.33828362266896134,0.1320403812468754,0.19950581703783699,0.0018
261,0.33713740552380933,0.13016042890876892,0.19693289113092047,0.0018
262,0.33855543247723985,0.13181471612546586,0.19982394549785681,0.0018
263,0.3376172336481385,0.13173488881377757,0.1958394728640825,0.0018
264,0.3382537252569603,0.1319462240335958,0.2006614955507168,0.0018
265,0.33651323313430204,0.1286923436587598,0.1929020267966901,0.0018
266,0.33871539669521783,0.12912261994540739,0.19585768004958706,0.0018
267,0.3379371998421216,0.1292586842974898,0.19160087577169096,0.0018
268,0.3382067709403523,0.13176649949226293,0.20288407535125988,0.0018
269,0.33877139967882025,0.13098819156886612,0.198009703753025,0.0018
270,0.3379124752798323,0.13055494085940175,0.19892153722654915,0.0018
271,0.33748695229069664,0.13220797448081573,0.20187215719838078,0.0018
272,0.3385509414187932,0.13347541508234723,0.20100689389068013,0.0018
273,0.3378655935748149,0.13185480824667903,0.19900238017897282,0.0018
274,0.3379973645432521,0.13201521391181686,0.20135185071476053,0.0018
275,0.33742436173103624,0.12912821557833148,0.191911299547177,0.0018
276,0.33751463536488807,0.13056598030575198,0.19758366044565498,0.0018
277,0.33745583614050334,0.13114869824044548,0.1970233061476859,0.0018
278,0.33832766481880416,0.13367064937965537,0.20751738764298355,0.0018
279,0.3371793992691121,0.1331833304797675,0.20521681104082418,0.0018
280,0.3370948291178477,0.1311415627240423,0.19884445041240523,0.0018
281,0.3372519992418208,0.131177591040082,0.1967324773118375,0.0018
282,0.3379875216948784,0.13065280742580246,0.1963836453725657,0.0018
283,0.3387254206305843,0.12790814823720004,0.19202459159322763,0.0018
284,0.3383078186188714,0.12917071450334056,0.1956087952226162,0.0018
285,0.3376220324534481,0.12915510250158094,0.19261828359363226,0.0018
286,0.3383079031008785,0.13373659357284634,0.20127644444949308,0.0018
287,0.3374417223415132,0.12860885966602112,0.19469238206750228,0.0018
288,0.33741059697280495,0.13411360042553097,0.20328761900923623,0.0018
289,0.33760095362441017,0.13410481348479306,0.20144522435269507,0.0018
290,0.3373801565523875,0.13340796013023393,0.2023612675639745,0.0018
291,0.3370207296842236,0.13172122753764864,0.19640503704947004,0.0018
292,0.3367691178948192,0.12930872214499659,0.1930276673448557,0.0018
293,0.33694063556396353,0.13043932256582766,0.1954224039479748,0.0018
294,0.33754257744146604,0.12878264341744888,0.1944202623510043,0.0018
295,0.3369601901810048,0.1283413221074083,0.1946003246116524,0.0018
296,0.3379376521807606,0.12968624270528856,0.1945013404687298,0.0018
297,0.3363094817278749,0.1300562156676829,0.19631579971822813,0.0018
298,0.33626759519516414,0.13079842277348383,0.19552107112896883,0.0018
299,0.3377677112565202,0.1300775243088081,0.19806831010657047,0.0018
